1.071520488494052820e-01 1.014957610305941671e+04
1.224791826031014358e-01 7.831517316936415227e+03
1.399987245433536587e-01 5.954976996871760093e+03
1.600242788791236825e-01 4.590515992917165022e+03
1.829143080718106384e-01 3.476099502345786277e+03
2.090785494035057313e-01 2.634953635276625846e+03
2.389853493774391213e-01 1.988612678785515300e+03
2.731700472382317946e-01 1.475975286075806252e+03
3.122445576790754962e-01 1.086280183437867663e+03
3.569083242687093316e-01 8.145920121781200578e+02
4.079608396672932402e-01 6.029803138864056109e+02
4.663159567461907518e-01 4.328605070893121933e+02
5.330182467843092020e-01 3.128583106898618098e+02
6.092616975568239113e-01 2.233453018839150843e+02
6.964110860167838091e-01 1.566075801181997349e+02
7.960264081459723640e-01 1.089434332363465359e+02
9.098908032755047559e-01 7.395871084723842159e+01
1.040042472728525347e+00 4.951878792062125711e+01
1.188811164136738929e+00 3.274567919209579969e+01
1.358859874509225296e+00 2.195691487022494570e+01
1.553232518548959273e+00 1.452831171689271628e+01
1.775408415491898761e+00 1.010797883829941846e+01
2.029364569796765050e+00 7.583220348681564360e+00
2.319646860525540699e+00 5.927882655066055939e+00
2.651451413722505812e+00 4.866624683607369661e+00
3.030717614377867797e+00 4.055012112339086983e+00
3.464234422913538225e+00 3.356794884828956160e+00
3.959761899282916886e+00 2.725284027483454441e+00
4.526170109996623836e+00 2.221297549154581219e+00
5.173597904544902981e+00 1.781648419666247429e+00
5.913634403354621760e+00 1.455784496662618110e+00
6.759526445960940322e+00 1.203909060293639310e+00
7.726415712768131883e+00 9.552790457117616985e-01
8.831609764938734841e+00 7.698235626897205197e-01
1.009489185409326772e+01 6.219128933824729089e-01
1.153887504749204140e+01 4.849079996050593144e-01
1.318940700762897222e+01 3.743471824413720506e-01
1.507603267189399077e+01 2.933684236796100242e-01
1.723252311438631068e+01 2.248515274166093258e-01
1.969748005663823420e+01 1.714487823866289173e-01
2.251502684814349919e+01 1.301805253642943916e-01
2.573559828541537797e+01 9.368057902875222276e-02
2.941684340753459992e+01 6.769050999840510452e-02
3.362465742845447636e+01 4.736379846268264082e-02
3.843436127791097334e+01 3.183346048584695387e-02
4.393204986501718423e+01 2.324860020043983261e-02
5.021613319879942594e+01 1.531282580851131732e-02
5.739909795212052757e+01 8.893868058319914088e-03
6.560952100142783650e+01 3.302847602521127423e-03
7.499437098519369727e+01 7.226954924675148793e-04
