1.071520488494052820e-01 2.348913421950634529e+03
1.224791826031014358e-01 1.766877874387193287e+03
1.399987245433536587e-01 1.262833957217312900e+03
1.600242788791236825e-01 9.046349597756635603e+02
1.829143080718106384e-01 6.469568591828314084e+02
2.090785494035057313e-01 4.677723698230029754e+02
2.389853493774391213e-01 3.328683126367017167e+02
2.731700472382317946e-01 2.374007849545410238e+02
3.122445576790754962e-01 1.681556621363841941e+02
3.569083242687093316e-01 1.176557916085119047e+02
4.079608396672932402e-01 8.165286358860574012e+01
4.663159567461907518e-01 5.631807656559072939e+01
5.330182467843092020e-01 3.808121501483739024e+01
6.092616975568239113e-01 2.648791847793683729e+01
6.964110860167838091e-01 1.855679132791872021e+01
7.960264081459723640e-01 1.346507862062160932e+01
9.098908032755047559e-01 1.023471177457420289e+01
1.040042472728525347e+00 8.193559073076851718e+00
1.188811164136738929e+00 6.862028106174641096e+00
1.358859874509225296e+00 5.780297314132860187e+00
1.553232518548959273e+00 4.924205193223457400e+00
1.775408415491898761e+00 4.194352877678237057e+00
2.029364569796765050e+00 3.552724508218251920e+00
2.319646860525540699e+00 2.991264252125747980e+00
2.651451413722505812e+00 2.483193304448735539e+00
3.030717614377867797e+00 2.052754046517304420e+00
3.464234422913538225e+00 1.693098922860919675e+00
3.959761899282916886e+00 1.394704744453048040e+00
4.526170109996623836e+00 1.143238965065235258e+00
5.173597904544902981e+00 9.311776121675057194e-01
5.913634403354621760e+00 7.612639435844028579e-01
6.759526445960940322e+00 6.169338325914901500e-01
7.726415712768131883e+00 4.967509716682538823e-01
8.831609764938734841e+00 4.002704984796272569e-01
1.009489185409326772e+01 3.220245947290567567e-01
1.153887504749204140e+01 2.542121990093872408e-01
1.318940700762897222e+01 1.975066716386368604e-01
1.507603267189399077e+01 1.553253495151161179e-01
1.723252311438631068e+01 1.179295866816333915e-01
1.969748005663823420e+01 8.954897690213144135e-02
2.251502684814349919e+01 6.736236513574846152e-02
2.573559828541537797e+01 4.898851493340293517e-02
2.941684340753459992e+01 3.553406470170174941e-02
3.362465742845447636e+01 2.614865482687986353e-02
3.843436127791097334e+01 1.873053826054435142e-02
4.393204986501718423e+01 1.228915569625101470e-02
5.021613319879942594e+01 7.656461020648381265e-03
5.739909795212052757e+01 4.568796393490105051e-03
6.560952100142783650e+01 1.801611958672205693e-03
7.499437098519369727e+01 3.856393598840015722e-04
