1.071520488494052820e-01 2.083902310776384911e+04
1.224791826031014358e-01 1.694824346699841772e+04
1.399987245433536587e-01 1.345020952213309101e+04
1.600242788791236825e-01 1.096385404618808752e+04
1.829143080718106384e-01 8.354936194137215352e+03
2.090785494035057313e-01 6.619725932393512267e+03
2.389853493774391213e-01 5.017189323417631385e+03
2.731700472382317946e-01 3.883721476232455188e+03
3.122445576790754962e-01 2.976822745801023302e+03
3.569083242687093316e-01 2.314655682438795338e+03
4.079608396672932402e-01 1.736353719469050930e+03
4.663159567461907518e-01 1.323197806426133866e+03
5.330182467843092020e-01 9.826779847850458509e+02
6.092616975568239113e-01 7.432903209989241304e+02
6.964110860167838091e-01 5.479135923374522008e+02
7.960264081459723640e-01 3.938311856511116389e+02
9.098908032755047559e-01 2.831262755892908558e+02
1.040042472728525347e+00 2.010792405001157874e+02
1.188811164136738929e+00 1.382513185859939995e+02
1.358859874509225296e+00 9.393465269759940384e+01
1.553232518548959273e+00 6.162667852205228769e+01
1.775408415491898761e+00 3.967257199514603627e+01
2.029364569796765050e+00 2.504549127309207179e+01
2.319646860525540699e+00 1.585535781323793714e+01
2.651451413722505812e+00 1.027795144549726380e+01
3.030717614377867797e+00 7.295516875194740791e+00
3.464234422913538225e+00 5.686889782161282270e+00
3.959761899282916886e+00 4.629002393492621437e+00
4.526170109996623836e+00 3.831264744047370385e+00
5.173597904544902981e+00 3.037321379970015389e+00
5.913634403354621760e+00 2.445615915541840213e+00
6.759526445960940322e+00 2.050792417149144953e+00
7.726415712768131883e+00 1.629158555638086980e+00
8.831609764938734841e+00 1.294629460674742383e+00
1.009489185409326772e+01 1.042293567246053598e+00
1.153887504749204140e+01 8.368083099694977323e-01
1.318940700762897222e+01 6.436286040797652985e-01
1.507603267189399077e+01 4.819303407082023982e-01
1.723252311438631068e+01 3.640140688827379623e-01
1.969748005663823420e+01 2.681111675206412914e-01
2.251502684814349919e+01 1.982170241262670718e-01
2.573559828541537797e+01 1.419514200965502349e-01
2.941684340753459992e+01 1.088221237415137738e-01
3.362465742845447636e+01 7.848989528003949556e-02
3.843436127791097334e+01 5.967065928404215874e-02
4.393204986501718423e+01 3.672665747374312395e-02
5.021613319879942594e+01 2.659945300703757745e-02
5.739909795212052757e+01 1.462246394370147161e-02
6.560952100142783650e+01 5.774741117100841079e-03
7.499437098519369727e+01 5.947299316331420768e-03
