# M nu b b_e b_emu pd pd_e box snap
1.582895e+11 2.855133e+00 4.524221e+00 1.843644e-01 4.647894e+00 -2.660827e-02 3.966622e-02 11 0
3.491703e+11 3.164448e+00 5.449987e+00 2.488444e-01 5.586432e+00 -2.442435e-02 4.454442e-02 11 0
8.874378e+11 3.601702e+00 7.101131e+00 4.995845e-01 7.057292e+00 6.211867e-03 7.078983e-02 11 0
2.574794e+12 4.225846e+00 9.975998e+00 1.494764e+00 9.432772e+00 5.758918e-02 1.584650e-01 11 0
1.444082e+11 1.911987e+00 2.308895e+00 5.205051e-02 2.304252e+00 2.014640e-03 2.258889e-02 11 1
2.757668e+11 2.077643e+00 2.649271e+00 5.972141e-02 2.630207e+00 7.248030e-03 2.270597e-02 11 1
6.711218e+11 2.344907e+00 3.207951e+00 6.689220e-02 3.216752e+00 -2.735810e-03 2.079495e-02 11 1
1.691688e+12 2.683591e+00 4.084488e+00 1.247886e-01 4.059623e+00 6.124865e-03 3.073897e-02 11 1
4.450655e+12 3.124922e+00 5.212327e+00 2.596704e-01 5.311300e+00 -1.863448e-02 4.889017e-02 11 1
1.257221e+13 3.732368e+00 8.736936e+00 8.330076e-01 7.293743e+00 1.978673e-01 1.142085e-01 11 1
1.445118e+11 1.469227e+00 1.527373e+00 2.480801e-02 1.556607e+00 -1.878020e-02 1.593724e-02 11 2
2.759194e+11 1.596494e+00 1.702423e+00 2.912981e-02 1.733112e+00 -1.770769e-02 1.680780e-02 11 2
6.623224e+11 1.798391e+00 1.990830e+00 3.704969e-02 2.055179e+00 -3.131099e-02 1.802747e-02 11 2
1.654553e+12 2.055056e+00 2.484102e+00 4.456032e-02 2.531512e+00 -1.872785e-02 1.760226e-02 11 2
4.255226e+12 2.383511e+00 3.236717e+00 7.244264e-02 3.238232e+00 -4.677488e-04 2.237105e-02 11 2
1.128856e+13 2.813383e+00 4.393777e+00 1.635469e-01 4.309571e+00 1.953920e-02 3.794969e-02 11 2
3.231071e+13 3.418963e+00 5.996862e+00 5.421206e-01 6.068395e+00 -1.178780e-02 8.933508e-02 11 2
1.600778e+11 1.023289e+00 9.720156e-01 1.462160e-02 9.129944e-01 6.464575e-02 1.601500e-02 11 3
3.450352e+11 1.130734e+00 1.066866e+00 1.514417e-02 1.016194e+00 4.986387e-02 1.490283e-02 11 3
8.261381e+11 1.275867e+00 1.225753e+00 1.836142e-02 1.276917e+00 -4.006877e-02 1.437949e-02 11 3
2.044444e+12 1.459268e+00 1.451866e+00 2.368080e-02 1.483254e+00 -2.116144e-02 1.596544e-02 11 3
5.210584e+12 1.694332e+00 1.717451e+00 3.226836e-02 1.815026e+00 -5.375956e-02 1.777846e-02 11 3
1.363332e+13 2.000657e+00 2.350027e+00 4.789285e-02 2.339929e+00 4.315221e-03 2.046765e-02 11 3
3.678759e+13 2.411046e+00 3.365504e+00 1.109568e-01 3.177335e+00 5.922226e-02 3.492134e-02 11 3
1.096770e+14 3.020252e+00 4.892669e+00 3.118296e-01 4.651927e+00 5.175105e-02 6.703236e-02 11 3
1.694058e+11 9.836541e-01 9.525096e-01 1.326838e-02 9.182233e-01 3.733990e-02 1.445006e-02 11 4
3.915799e+11 1.097681e+00 1.040886e+00 1.543990e-02 1.023293e+00 1.719289e-02 1.508845e-02 11 4
9.402102e+11 1.240527e+00 1.197958e+00 1.945137e-02 1.235081e+00 -3.005730e-02 1.574906e-02 11 4
2.331549e+12 1.421273e+00 1.413585e+00 2.286701e-02 1.427837e+00 -9.981348e-03 1.601514e-02 11 4
5.950422e+12 1.653271e+00 1.712213e+00 3.345355e-02 1.743017e+00 -1.767277e-02 1.919290e-02 11 4
1.558838e+13 1.956298e+00 2.295109e+00 5.203664e-02 2.246779e+00 2.151087e-02 2.316055e-02 11 4
4.227788e+13 2.365185e+00 3.182369e+00 1.119502e-01 3.059561e+00 4.013907e-02 3.659027e-02 11 4
1.266537e+14 2.974387e+00 4.771088e+00 3.411478e-01 4.498540e+00 6.058587e-02 7.583523e-02 11 4
1.257625e+11 8.755279e-01 8.593695e-01 1.414798e-02 8.234289e-01 4.364748e-02 1.718179e-02 11 5
2.056023e+11 9.316754e-01 8.952796e-01 1.331067e-02 8.670393e-01 3.257094e-02 1.535186e-02 11 5
4.828972e+11 1.043615e+00 9.866734e-01 1.524223e-02 9.638665e-01 2.366189e-02 1.581363e-02 11 5
1.165908e+12 1.182749e+00 1.117086e+00 2.011682e-02 1.170277e+00 -4.545154e-02 1.718979e-02 11 5
2.902203e+12 1.359084e+00 1.319870e+00 2.320133e-02 1.340664e+00 -1.550982e-02 1.730585e-02 11 5
7.441549e+12 1.586573e+00 1.577902e+00 2.751018e-02 1.629788e+00 -3.183586e-02 1.687961e-02 11 5
1.960455e+13 1.885448e+00 2.090148e+00 4.701294e-02 2.101926e+00 -5.603536e-03 2.236660e-02 11 5
5.314386e+13 2.288147e+00 2.956434e+00 9.494794e-02 2.867396e+00 3.105195e-02 3.311295e-02 11 5
1.601916e+14 2.895361e+00 4.589228e+00 2.742011e-01 4.240808e+00 8.215892e-02 6.465775e-02 11 5
1.359884e+11 8.287076e-01 8.272055e-01 1.383457e-02 7.829063e-01 5.658298e-02 1.767079e-02 11 6
2.420092e+11 8.919328e-01 8.553939e-01 1.344975e-02 8.291796e-01 3.161472e-02 1.622055e-02 11 6
5.700826e+11 1.000914e+00 9.404828e-01 1.461009e-02 9.187120e-01 2.369708e-02 1.590279e-02 11 6
1.383525e+12 1.137073e+00 1.049016e+00 1.797510e-02 1.048323e+00 6.604192e-04 1.714653e-02 11 6
3.458876e+12 1.310031e+00 1.235297e+00 2.054886e-02 1.274811e+00 -3.099642e-02 1.611914e-02 11 6
8.883377e+12 1.533230e+00 1.424220e+00 3.185191e-02 1.542702e+00 -7.680159e-02 2.064683e-02 11 6
2.341397e+13 1.827054e+00 2.005206e+00 4.940284e-02 1.987233e+00 9.044042e-03 2.486011e-02 11 6
6.363354e+13 2.225282e+00 2.743493e+00 8.977753e-02 2.715947e+00 1.014246e-02 3.305570e-02 11 6
1.928679e+14 2.830343e+00 4.218900e+00 2.547454e-01 4.033996e+00 4.583645e-02 6.314964e-02 11 6
1.494300e+11 7.731211e-01 7.759320e-01 1.281802e-02 7.366823e-01 5.327898e-02 1.739966e-02 11 7
2.960265e+11 8.443617e-01 8.157991e-01 1.392093e-02 7.850508e-01 3.916723e-02 1.773252e-02 11 7
7.007107e+11 9.498680e-01 8.941195e-01 1.603274e-02 8.662945e-01 3.211948e-02 1.850726e-02 11 7
1.707736e+12 1.082015e+00 9.924652e-01 1.982548e-02 9.845778e-01 8.010935e-03 2.013602e-02 11 7
4.280288e+12 1.250157e+00 1.160919e+00 2.106331e-02 1.197562e+00 -3.059797e-02 1.758849e-02 11 7
1.102584e+13 1.468084e+00 1.370096e+00 3.161383e-02 1.440101e+00 -4.861135e-02 2.195251e-02 11 7
2.911824e+13 1.755892e+00 1.883711e+00 5.235553e-02 1.852319e+00 1.694754e-02 2.826486e-02 11 7
7.877343e+13 2.144833e+00 2.495513e+00 9.136013e-02 2.529702e+00 -1.351520e-02 3.611497e-02 11 7
2.406037e+14 2.745906e+00 4.153184e+00 2.574855e-01 3.773780e+00 1.005369e-01 6.823012e-02 11 7
1.612469e+11 7.242764e-01 7.336772e-01 1.247467e-02 6.975865e-01 5.173656e-02 1.788261e-02 11 8
3.496818e+11 8.010213e-01 7.800196e-01 1.460798e-02 7.460940e-01 4.547101e-02 1.957928e-02 11 8
8.314129e+11 9.030381e-01 8.346187e-01 1.561901e-02 8.198919e-01 1.796190e-02 1.905009e-02 11 8
2.032563e+12 1.030983e+00 9.392290e-01 2.070703e-02 9.277793e-01 1.234094e-02 2.231892e-02 11 8
5.111462e+12 1.194321e+00 1.075641e+00 2.271906e-02 1.128640e+00 -4.695839e-02 2.012960e-02 11 8
1.323948e+13 1.407309e+00 1.315539e+00 3.018183e-02 1.348269e+00 -2.427573e-02 2.238562e-02 11 8
3.507540e+13 1.689100e+00 1.769577e+00 5.350354e-02 1.731214e+00 2.215953e-02 3.090522e-02 11 8
9.501219e+13 2.070777e+00 2.235553e+00 8.939245e-02 2.364972e+00 -5.472300e-02 3.779853e-02 11 8
2.977060e+14 2.678658e+00 3.787015e+00 2.432695e-01 3.561595e+00 6.329185e-02 6.830354e-02 11 8
1.674883e+11 7.028351e-01 7.176244e-01 1.363898e-02 7.186706e-01 -1.455865e-03 1.897806e-02 11 9
3.802285e+11 7.823307e-01 7.710302e-01 1.556122e-02 7.673033e-01 4.857176e-03 2.028040e-02 11 9
9.057352e+11 8.828836e-01 8.175500e-01 1.725047e-02 8.380343e-01 -2.444327e-02 2.058444e-02 11 9
2.216606e+12 1.009049e+00 9.160956e-01 2.068705e-02 9.416279e-01 -2.711510e-02 2.196945e-02 11 9
5.583748e+12 1.170470e+00 1.059890e+00 2.454332e-02 1.098916e+00 -3.551371e-02 2.233411e-02 11 9
1.448062e+13 1.381216e+00 1.283593e+00 3.258426e-02 1.309063e+00 -1.945619e-02 2.489129e-02 11 9
3.843440e+13 1.660771e+00 1.700864e+00 5.018636e-02 1.680526e+00 1.210242e-02 2.986349e-02 11 9
1.038853e+14 2.038524e+00 2.147842e+00 8.429321e-02 2.294310e+00 -6.383986e-02 3.674012e-02 11 9
3.288661e+14 2.649049e+00 3.994919e+00 2.421939e-01 3.466680e+00 1.523760e-01 6.986337e-02 11 9
1.160592e+11 6.494576e-01 6.886782e-01 2.289945e-02 6.857192e-01 4.315200e-03 3.339479e-02 11 10
1.742168e+11 6.833725e-01 7.093367e-01 1.385725e-02 7.038715e-01 7.764530e-03 1.968719e-02 11 10
4.051210e+11 7.633814e-01 7.512863e-01 1.610234e-02 7.512684e-01 2.372037e-05 2.143354e-02 11 10
9.672149e+11 8.622900e-01 8.073356e-01 1.847055e-02 8.188397e-01 -1.404926e-02 2.255698e-02 11 10
2.369160e+12 9.863372e-01 8.785440e-01 2.171418e-02 9.178808e-01 -4.285619e-02 2.365686e-02 11 10
5.982369e+12 1.145519e+00 1.042839e+00 2.487914e-02 1.068893e+00 -2.437467e-02 2.327562e-02 11 10
1.551128e+13 1.353040e+00 1.217859e+00 2.913484e-02 1.268296e+00 -3.976766e-02 2.297164e-02 11 10
4.119485e+13 1.628902e+00 1.631510e+00 5.539070e-02 1.625962e+00 3.412049e-03 3.406642e-02 11 10
1.116694e+14 2.003236e+00 2.116750e+00 8.981164e-02 2.220250e+00 -4.661648e-02 4.045114e-02 11 10
3.600937e+14 2.619406e+00 3.767627e+00 2.587002e-01 3.373177e+00 1.169371e-01 7.669332e-02 11 10
1.199550e+11 6.320288e-01 6.903430e-01 1.677154e-02 6.718538e-01 2.751969e-02 2.496308e-02 11 11
1.863917e+11 6.680557e-01 7.050515e-01 1.487812e-02 6.905474e-01 2.100374e-02 2.154540e-02 11 11
4.341399e+11 7.468521e-01 7.372649e-01 1.750885e-02 7.359640e-01 1.767545e-03 2.379035e-02 11 11
1.037713e+12 8.443145e-01 8.023162e-01 1.906036e-02 8.008306e-01 1.854968e-03 2.380073e-02 11 11
2.546596e+12 9.667877e-01 8.717922e-01 2.388318e-02 8.962182e-01 -2.725456e-02 2.664884e-02 11 11
6.439101e+12 1.124074e+00 1.027323e+00 2.710330e-02 1.041969e+00 -1.405628e-02 2.601162e-02 11 11
1.668398e+13 1.328934e+00 1.195918e+00 3.242952e-02 1.232872e+00 -2.997367e-02 2.630404e-02 11 11
4.422576e+13 1.601188e+00 1.576045e+00 5.237376e-02 1.578682e+00 -1.670138e-03 3.317563e-02 11 11
1.205143e+14 1.974030e+00 2.085355e+00 9.203310e-02 2.158432e+00 -3.385670e-02 4.263887e-02 11 11
3.903077e+14 2.588849e+00 3.696405e+00 2.486745e-01 3.279380e+00 1.271660e-01 7.582973e-02 11 11
1.226518e+11 6.198115e-01 6.811295e-01 1.794626e-02 6.618117e-01 2.918921e-02 2.711687e-02 11 12
1.949827e+11 6.571204e-01 6.753750e-01 1.749764e-02 6.807399e-01 -7.880953e-03 2.570385e-02 11 12
4.543751e+11 7.349523e-01 7.184093e-01 1.962353e-02 7.247082e-01 -8.691620e-03 2.707783e-02 11 12
1.087200e+12 8.313475e-01 7.711332e-01 2.177030e-02 7.876444e-01 -2.096276e-02 2.763975e-02 11 12
2.670349e+12 9.525495e-01 8.348597e-01 2.558542e-02 8.803277e-01 -5.164894e-02 2.906352e-02 11 12
6.751302e+12 1.108156e+00 9.982557e-01 3.308377e-02 1.022011e+00 -2.324381e-02 3.237124e-02 11 12
1.754233e+13 1.311685e+00 1.160173e+00 3.779615e-02 1.207573e+00 -3.925289e-02 3.129926e-02 11 12
4.654464e+13 1.582008e+00 1.548779e+00 5.039206e-02 1.546203e+00 1.666122e-03 3.259085e-02 11 12
1.269495e+14 1.952668e+00 2.070896e+00 8.938908e-02 2.113990e+00 -2.038517e-02 4.228453e-02 11 12
4.146137e+14 2.569457e+00 3.463601e+00 2.051490e-01 3.216782e+00 7.672860e-02 6.377461e-02 11 12
1.275936e+11 6.015195e-01 6.582208e-01 1.803997e-02 6.442746e-01 2.164632e-02 2.800043e-02 11 13
2.116254e+11 6.413267e-01 6.612772e-01 1.614421e-02 6.637945e-01 -3.792185e-03 2.432110e-02 11 13
4.945089e+11 7.180527e-01 6.980139e-01 1.812278e-02 7.058811e-01 -1.114515e-02 2.567399e-02 11 13
1.185321e+12 8.131029e-01 7.462209e-01 1.985396e-02 7.662430e-01 -2.613016e-02 2.591079e-02 11 13
2.918934e+12 9.329093e-01 8.244142e-01 2.667379e-02 8.555073e-01 -3.634463e-02 3.117892e-02 11 13
7.389247e+12 1.086763e+00 9.680045e-01 3.118446e-02 9.922287e-01 -2.441400e-02 3.142871e-02 11 13
1.925086e+13 1.288680e+00 1.130746e+00 3.619443e-02 1.172058e+00 -3.524709e-02 3.088111e-02 11 13
5.103056e+13 1.556371e+00 1.484366e+00 5.071765e-02 1.501963e+00 -1.171555e-02 3.376758e-02 11 13
1.383153e+14 1.921747e+00 2.013681e+00 8.810107e-02 2.049312e+00 -1.738709e-02 4.299055e-02 11 13
4.531961e+14 2.536328e+00 3.339249e+00 2.144895e-01 3.112248e+00 7.293787e-02 6.891785e-02 11 13
