# M nu b b_e b_emu pd pd_e box snap
5.856128e+13 4.130096e+00 9.253476e+00 4.926226e-01 9.158346e+00 1.038734e-02 5.378947e-02 0 1
6.920765e+13 4.275284e+00 9.916519e+00 2.753103e-01 9.908012e+00 8.586932e-04 2.778664e-02 0 1
1.044797e+14 4.665941e+00 1.158429e+01 5.499107e-01 1.156132e+01 1.986685e-03 4.756471e-02 0 1
5.818313e+13 2.831687e+00 4.883140e+00 6.047679e-02 4.792326e+00 1.894990e-02 1.261950e-02 0 2
6.357811e+13 2.883887e+00 5.086744e+00 3.576083e-02 5.016978e+00 1.390599e-02 7.127963e-03 0 2
7.397597e+13 2.976292e+00 5.365667e+00 3.977735e-02 5.294192e+00 1.350080e-02 7.513394e-03 0 2
8.787881e+13 3.086574e+00 5.696451e+00 4.840663e-02 5.639553e+00 1.008921e-02 8.583417e-03 0 2
1.074751e+14 3.222995e+00 6.214259e+00 5.945276e-02 6.074557e+00 2.299782e-02 9.787175e-03 0 2
1.358936e+14 3.393026e+00 6.743913e+00 7.548852e-02 6.629339e+00 1.728281e-02 1.138704e-02 0 2
1.781935e+14 3.605599e+00 7.515108e+00 1.154066e-01 7.346816e+00 2.290680e-02 1.570838e-02 0 2
2.417933e+14 3.868061e+00 8.390106e+00 1.846570e-01 8.288896e+00 1.221035e-02 2.227763e-02 0 2
3.682966e+14 4.275586e+00 1.001228e+01 3.999575e-01 9.777428e+00 2.401982e-02 4.090621e-02 0 2
5.819307e+13 2.646044e+00 4.376547e+00 4.576769e-02 4.277222e+00 2.322195e-02 1.070033e-02 0 3
6.334343e+13 2.692667e+00 4.533386e+00 2.769503e-02 4.472790e+00 1.354773e-02 6.191891e-03 0 3
7.318998e+13 2.774853e+00 4.782000e+00 3.018192e-02 4.709616e+00 1.536936e-02 6.408573e-03 0 3
8.630320e+13 2.873041e+00 5.090778e+00 3.455278e-02 4.998783e+00 1.840354e-02 6.912239e-03 0 3
1.042769e+14 2.991959e+00 5.419783e+00 4.118344e-02 5.355186e+00 1.206254e-02 7.690385e-03 0 3
1.292861e+14 3.135742e+00 5.995675e+00 5.136363e-02 5.799134e+00 3.389156e-02 8.857121e-03 0 3
1.649842e+14 3.310908e+00 6.531499e+00 7.347871e-02 6.358715e+00 2.717277e-02 1.155559e-02 0 3
2.177533e+14 3.527469e+00 7.258457e+00 1.022050e-01 7.073326e+00 2.617312e-02 1.444935e-02 0 3
2.980578e+14 3.797047e+00 8.111406e+00 1.772153e-01 7.998833e+00 1.407366e-02 2.215515e-02 0 3
4.513900e+14 4.199310e+00 9.893736e+00 3.950039e-01 9.447134e+00 4.727377e-02 4.181203e-02 0 3
5.832795e+13 2.465376e+00 3.917334e+00 3.371757e-02 3.815266e+00 2.675264e-02 8.837542e-03 0 4
6.364480e+13 2.510087e+00 4.011066e+00 2.114978e-02 3.987397e+00 5.935887e-03 5.304155e-03 0 4
7.351649e+13 2.586573e+00 4.242622e+00 2.314959e-02 4.192652e+00 1.191860e-02 5.521468e-03 0 4
8.632151e+13 2.675723e+00 4.490650e+00 2.627876e-02 4.439178e+00 1.159486e-02 5.919736e-03 0 4
1.032132e+14 2.780180e+00 4.824515e+00 2.892264e-02 4.737687e+00 1.832706e-02 6.104801e-03 0 4
1.263246e+14 2.905384e+00 5.165630e+00 3.728367e-02 5.102430e+00 1.238621e-02 7.307042e-03 0 4
1.584476e+14 3.055459e+00 5.673099e+00 4.843570e-02 5.552629e+00 2.169596e-02 8.723020e-03 0 4
2.043857e+14 3.237423e+00 6.303291e+00 6.576734e-02 6.114542e+00 3.086895e-02 1.075589e-02 0 4
2.709644e+14 3.457152e+00 6.881882e+00 9.630548e-02 6.824438e+00 8.417458e-03 1.411186e-02 0 4
3.708775e+14 3.726901e+00 7.844737e+00 1.663036e-01 7.732965e+00 1.445397e-02 2.150580e-02 0 4
5.603847e+14 4.127838e+00 9.581425e+00 3.445477e-01 9.139262e+00 4.838059e-02 3.769973e-02 0 4
5.846595e+13 2.289522e+00 3.441015e+00 2.459740e-02 3.388105e+00 1.561641e-02 7.259928e-03 0 5
6.395529e+13 2.332260e+00 3.572003e+00 1.700296e-02 3.538400e+00 9.496402e-03 4.805267e-03 0 5
7.367442e+13 2.401989e+00 3.746637e+00 1.698292e-02 3.715443e+00 8.395683e-03 4.570901e-03 0 5
8.614368e+13 2.482571e+00 3.964595e+00 2.032157e-02 3.925324e+00 1.000446e-02 5.177044e-03 0 5
1.022329e+14 2.575307e+00 4.215124e+00 2.341319e-02 4.175897e+00 9.393630e-03 5.606744e-03 0 5
1.238415e+14 2.685093e+00 4.543007e+00 2.700677e-02 4.477413e+00 1.464990e-02 6.031780e-03 0 5
1.534297e+14 2.815742e+00 4.911400e+00 3.388887e-02 4.843399e+00 1.404003e-02 6.996919e-03 0 5
1.940717e+14 2.969565e+00 5.407802e+00 4.290915e-02 5.291902e+00 2.190138e-02 8.108455e-03 0 5
2.518063e+14 3.154147e+00 6.016191e+00 6.024713e-02 5.847292e+00 2.888491e-02 1.030342e-02 0 5
3.363677e+14 3.378659e+00 6.725163e+00 8.940393e-02 6.542846e+00 2.786504e-02 1.366438e-02 0 5
4.618066e+14 3.650575e+00 7.771260e+00 1.598151e-01 7.424352e+00 4.672576e-02 2.152580e-02 0 5
6.973419e+14 4.051155e+00 9.014920e+00 3.223182e-01 8.777446e+00 2.705503e-02 3.672118e-02 0 5
5.887412e+13 2.121821e+00 3.046898e+00 1.864571e-02 3.006286e+00 1.350903e-02 6.202243e-03 0 6
6.482836e+13 2.164411e+00 3.148361e+00 1.384086e-02 3.137911e+00 3.330021e-03 4.410850e-03 0 6
7.444912e+13 2.227753e+00 3.306570e+00 1.459120e-02 3.291385e+00 4.613511e-03 4.433147e-03 0 6
8.661562e+13 2.300116e+00 3.507269e+00 1.563423e-02 3.471343e+00 1.034926e-02 4.503800e-03 0 6
1.023632e+14 2.383922e+00 3.695770e+00 1.732899e-02 3.683659e+00 3.287788e-03 4.704286e-03 0 6
1.231408e+14 2.481772e+00 3.978912e+00 2.039926e-02 3.935866e+00 1.093702e-02 5.182917e-03 0 6
1.508495e+14 2.595902e+00 4.290185e+00 2.515058e-02 4.237710e+00 1.238296e-02 5.934947e-03 0 6
1.884457e+14 2.729715e+00 4.637312e+00 3.047863e-02 4.601929e+00 7.688818e-03 6.623011e-03 0 6
2.406226e+14 2.888096e+00 5.134269e+00 4.147725e-02 5.045375e+00 1.761899e-02 8.220846e-03 0 6
3.145411e+14 3.076786e+00 5.715545e+00 5.821564e-02 5.590547e+00 2.235890e-02 1.041323e-02 0 6
4.212729e+14 3.302624e+00 6.482323e+00 8.788184e-02 6.267757e+00 3.423325e-02 1.402126e-02 0 6
5.807862e+14 3.578014e+00 7.379746e+00 1.509285e-01 7.118159e+00 3.674923e-02 2.120330e-02 0 6
8.741818e+14 3.976177e+00 8.775426e+00 3.051860e-01 8.410344e+00 4.340864e-02 3.628698e-02 0 6
5.914586e+13 1.960725e+00 2.685665e+00 1.358722e-02 2.665618e+00 7.520601e-03 5.097212e-03 0 7
6.553816e+13 2.002705e+00 2.771224e+00 1.097066e-02 2.780914e+00 -3.484263e-03 3.944984e-03 0 7
7.533329e+13 2.061769e+00 2.924503e+00 1.191703e-02 2.914186e+00 3.540029e-03 4.089317e-03 0 7
8.748678e+13 2.127998e+00 3.058253e+00 1.325038e-02 3.069000e+00 -3.501873e-03 4.317490e-03 0 7
1.029993e+14 2.203789e+00 3.261228e+00 1.323000e-02 3.249805e+00 3.514963e-03 4.071012e-03 0 7
1.232778e+14 2.291738e+00 3.486529e+00 1.678680e-02 3.462211e+00 7.023657e-03 4.848578e-03 0 7
1.499411e+14 2.393310e+00 3.752728e+00 1.835672e-02 3.713351e+00 1.060398e-02 4.943438e-03 0 7
1.853749e+14 2.510657e+00 4.009315e+00 2.266756e-02 4.012372e+00 -7.620648e-04 5.649416e-03 0 7
2.332688e+14 2.647084e+00 4.446805e+00 2.911033e-02 4.371138e+00 1.731066e-02 6.659669e-03 0 7
3.001081e+14 2.808832e+00 4.925264e+00 3.758954e-02 4.805173e+00 2.499212e-02 7.822723e-03 0 7
3.947149e+14 3.000737e+00 5.418910e+00 5.382053e-02 5.334965e+00 1.573494e-02 1.008826e-02 0 7
5.312790e+14 3.229860e+00 6.189194e+00 8.418527e-02 5.987778e+00 3.363793e-02 1.405952e-02 0 7
7.323237e+14 3.505142e+00 7.126237e+00 1.494136e-01 6.800095e+00 4.796142e-02 2.197229e-02 0 7
1.108496e+15 3.910094e+00 8.366411e+00 2.865252e-01 8.019250e+00 4.329094e-02 3.572967e-02 0 7
5.968342e+13 1.811045e+00 2.344530e+00 9.992447e-03 2.364263e+00 -8.346326e-03 4.226454e-03 0 8
6.670883e+13 1.853180e+00 2.444662e+00 8.985893e-03 2.465421e+00 -8.419957e-03 3.644770e-03 0 8
7.646718e+13 1.906813e+00 2.563535e+00 9.884417e-03 2.581455e+00 -6.941823e-03 3.829010e-03 0 8
8.866648e+13 1.967500e+00 2.676873e+00 1.108844e-02 2.715120e+00 -1.408661e-02 4.083960e-03 0 8
1.042202e+14 2.036951e+00 2.853925e+00 1.195628e-02 2.869808e+00 -5.534694e-03 4.166228e-03 0 8
1.241375e+14 2.116081e+00 3.023901e+00 1.247352e-02 3.049722e+00 -8.466547e-03 4.090050e-03 0 8
1.498459e+14 2.206186e+00 3.258873e+00 1.450859e-02 3.260120e+00 -3.822647e-04 4.450326e-03 0 8
1.837972e+14 2.310185e+00 3.517028e+00 1.770843e-02 3.507631e+00 2.678841e-03 5.048543e-03 0 8
2.293386e+14 2.430841e+00 3.818998e+00 2.153843e-02 3.800681e+00 4.819456e-03 5.666992e-03 0 8
2.910469e+14 2.570775e+00 4.160772e+00 2.720879e-02 4.150088e+00 2.574172e-03 6.556195e-03 0 8
3.770210e+14 2.735760e+00 4.644492e+00 3.504110e-02 4.569845e+00 1.633464e-02 7.667897e-03 0 8
4.978097e+14 2.929643e+00 5.234287e+00 5.020339e-02 5.078193e+00 3.073801e-02 9.886074e-03 0 8
6.722497e+14 3.161061e+00 5.833168e+00 7.965551e-02 5.699073e+00 2.352926e-02 1.397692e-02 0 8
9.293379e+14 3.439342e+00 6.725013e+00 1.393670e-01 6.464035e+00 4.037384e-02 2.156037e-02 0 8
1.410844e+15 3.849236e+00 8.021045e+00 2.614240e-01 7.593518e+00 5.630165e-02 3.442727e-02 0 8
5.902291e+13 1.711643e+00 2.144249e+00 1.040612e-02 2.159627e+00 -7.120695e-03 4.818478e-03 0 9
6.502586e+13 1.746195e+00 2.224331e+00 8.430834e-03 2.249201e+00 -1.105697e-02 3.748369e-03 0 9
7.435991e+13 1.795714e+00 2.316995e+00 8.512663e-03 2.351305e+00 -1.459189e-02 3.620399e-03 0 9
8.601202e+13 1.851755e+00 2.441976e+00 8.735172e-03 2.468125e+00 -1.059445e-02 3.539194e-03 0 9
1.004618e+14 1.914322e+00 2.552044e+00 9.911871e-03 2.602314e+00 -1.931718e-02 3.808869e-03 0 9
1.188119e+14 1.985342e+00 2.711730e+00 1.118818e-02 2.757125e+00 -1.646438e-02 4.057916e-03 0 9
1.423822e+14 2.066203e+00 2.898313e+00 1.247216e-02 2.936568e+00 -1.302718e-02 4.247190e-03 0 9
1.730122e+14 2.158550e+00 3.135728e+00 1.429483e-02 3.145618e+00 -3.144108e-03 4.544362e-03 0 9
2.135631e+14 2.264994e+00 3.363196e+00 1.670382e-02 3.390509e+00 -8.055521e-03 4.926641e-03 0 9
2.677131e+14 2.387570e+00 3.700878e+00 2.107312e-02 3.679112e+00 5.916060e-03 5.727774e-03 0 9
3.416921e+14 2.530521e+00 4.049241e+00 2.587611e-02 4.021447e+00 6.911253e-03 6.434527e-03 0 9
4.443753e+14 2.698051e+00 4.461969e+00 3.618323e-02 4.430369e+00 7.132689e-03 8.167091e-03 0 9
5.893739e+14 2.895585e+00 5.068245e+00 4.852862e-02 4.922471e+00 2.961383e-02 9.858590e-03 0 9
7.972511e+14 3.129458e+00 5.629539e+00 7.713692e-02 5.519289e+00 1.997536e-02 1.397588e-02 0 9
1.100456e+15 3.408159e+00 6.596200e+00 1.445993e-01 6.248867e+00 5.558332e-02 2.314008e-02 0 9
1.671917e+15 3.822002e+00 7.750205e+00 2.667542e-01 7.308405e+00 6.045098e-02 3.649965e-02 0 9
5.314698e+13 3.811896e+00 7.821484e+00 2.636663e-01 7.630614e+00 2.501366e-02 3.455375e-02 1 1
5.850675e+13 3.887195e+00 8.111313e+00 1.323998e-01 8.044265e+00 8.334860e-03 1.645890e-02 1 1
7.156532e+13 4.052203e+00 8.702379e+00 1.645336e-01 8.664316e+00 4.393076e-03 1.898979e-02 1 1
9.440127e+13 4.295912e+00 9.536267e+00 2.413396e-01 9.611431e+00 -7.820280e-03 2.510965e-02 1 1
1.412304e+14 4.689384e+00 1.109737e+01 4.623085e-01 1.127141e+01 -1.544003e-02 4.101604e-02 1 1
5.353512e+13 2.629862e+00 3.832603e+00 3.354206e-02 3.872829e+00 -1.038669e-02 8.660868e-03 1 2
5.844651e+13 2.677293e+00 4.043376e+00 2.181840e-02 4.050322e+00 -1.714726e-03 5.386831e-03 1 2
6.735091e+13 2.756566e+00 4.210238e+00 2.477055e-02 4.262213e+00 -1.219429e-02 5.811664e-03 1 2
7.908226e+13 2.850467e+00 4.484252e+00 2.569955e-02 4.517054e+00 -7.261825e-03 5.689448e-03 1 2
9.471916e+13 2.961545e+00 4.846459e+00 3.091952e-02 4.826118e+00 4.214775e-03 6.406706e-03 1 2
1.159711e+14 3.093667e+00 5.188123e+00 3.685374e-02 5.204458e+00 -3.138760e-03 7.081186e-03 1 2
1.453051e+14 3.250931e+00 5.611793e+00 4.657698e-02 5.672451e+00 -1.069348e-02 8.211084e-03 1 2
1.873466e+14 3.442062e+00 6.232362e+00 6.645252e-02 6.258057e+00 -4.105900e-03 1.061872e-02 1 2
2.485668e+14 3.673834e+00 7.038435e+00 1.000131e-01 7.000101e+00 5.476318e-03 1.428738e-02 1 2
3.404547e+14 3.958150e+00 7.755319e+00 1.716747e-01 7.953113e+00 -2.486999e-02 2.158585e-02 1 2
5.121568e+14 4.374821e+00 9.539678e+00 3.201210e-01 9.441325e+00 1.041728e-02 3.390636e-02 1 2
5.352868e+13 2.459978e+00 3.455848e+00 2.810135e-02 3.436899e+00 5.513203e-03 8.176367e-03 1 3
5.832982e+13 2.503383e+00 3.566544e+00 1.703348e-02 3.590934e+00 -6.792075e-03 4.743467e-03 1 3
6.698729e+13 2.575671e+00 3.767226e+00 1.879960e-02 3.772686e+00 -1.447028e-03 4.983081e-03 1 3
7.824811e+13 2.660465e+00 3.943735e+00 2.138719e-02 3.988557e+00 -1.123765e-02 5.362136e-03 1 3
9.292725e+13 2.759032e+00 4.231644e+00 2.384430e-02 4.246846e+00 -3.579638e-03 5.614590e-03 1 3
1.125708e+14 2.875236e+00 4.542288e+00 2.779790e-02 4.558414e+00 -3.537633e-03 6.098153e-03 1 3
1.392908e+14 3.012628e+00 4.875759e+00 3.417037e-02 4.937658e+00 -1.253620e-02 6.920360e-03 1 3
1.759573e+14 3.174313e+00 5.360005e+00 4.329074e-02 5.403925e+00 -8.127402e-03 8.010981e-03 1 3
2.281982e+14 3.368932e+00 6.023502e+00 5.919070e-02 5.983493e+00 6.686524e-03 9.892331e-03 1 3
3.050986e+14 3.606693e+00 6.787813e+00 9.398261e-02 6.712458e+00 1.122620e-02 1.400122e-02 1 3
4.181637e+14 3.892047e+00 7.402799e+00 1.531177e-01 7.640925e+00 -3.116456e-02 2.003915e-02 1 3
6.337465e+14 4.318306e+00 9.018772e+00 3.161056e-01 9.085231e+00 -7.315067e-03 3.479334e-02 1 3
5.366080e+13 2.295207e+00 3.080333e+00 2.070651e-02 3.048466e+00 1.045347e-02 6.792436e-03 1 4
5.871504e+13 2.337682e+00 3.162467e+00 1.372919e-02 3.183006e+00 -6.452799e-03 4.313277e-03 1 4
6.742291e+13 2.405176e+00 3.330091e+00 1.532296e-02 3.340204e+00 -3.027562e-03 4.587432e-03 1 4
7.844326e+13 2.482323e+00 3.499010e+00 1.602696e-02 3.524959e+00 -7.361418e-03 4.546709e-03 1 4
9.266448e+13 2.571390e+00 3.721484e+00 1.817061e-02 3.743517e+00 -5.885622e-03 4.853887e-03 1 4
1.113478e+14 2.674964e+00 3.998762e+00 2.102074e-02 4.003915e+00 -1.286962e-03 5.250045e-03 1 4
1.362895e+14 2.795938e+00 4.303276e+00 2.615510e-02 4.316624e+00 -3.092212e-03 6.059156e-03 1 4
1.701716e+14 2.937951e+00 4.650368e+00 3.091250e-02 4.695423e+00 -9.595508e-03 6.583540e-03 1 4
2.171433e+14 3.105856e+00 5.148370e+00 4.045567e-02 5.158646e+00 -1.991908e-03 7.842304e-03 1 4
2.836886e+14 3.305882e+00 5.742468e+00 5.794124e-02 5.730992e+00 2.002536e-03 1.011016e-02 1 4
3.802038e+14 3.546219e+00 6.497762e+00 8.721339e-02 6.446042e+00 8.023492e-03 1.352976e-02 1 4
5.211216e+14 3.832892e+00 7.159388e+00 1.504391e-01 7.349842e+00 -2.591267e-02 2.046835e-02 1 4
7.902873e+14 4.262615e+00 8.711981e+00 3.046110e-01 8.747998e+00 -4.117190e-03 3.482066e-02 1 4
5.390772e+13 2.136110e+00 2.709830e+00 1.567914e-02 2.699138e+00 3.961234e-03 5.808944e-03 1 5
5.925211e+13 2.177668e+00 2.789260e+00 1.059794e-02 2.816430e+00 -9.647242e-03 3.762899e-03 1 5
6.797093e+13 2.240126e+00 2.942829e+00 1.213654e-02 2.952371e+00 -3.231993e-03 4.110776e-03 1 5
7.899862e+13 2.311527e+00 3.089665e+00 1.271307e-02 3.110754e+00 -6.779369e-03 4.086814e-03 1 5
9.301447e+13 2.392843e+00 3.268811e+00 1.472155e-02 3.296347e+00 -8.353500e-03 4.466021e-03 1 5
1.110728e+14 2.485892e+00 3.485879e+00 1.730801e-02 3.515203e+00 -8.342045e-03 4.923758e-03 1 5
1.349338e+14 2.593976e+00 3.746285e+00 1.942248e-02 3.775069e+00 -7.624692e-03 5.144935e-03 1 5
1.666089e+14 2.718768e+00 4.063784e+00 2.296202e-02 4.085956e+00 -5.426400e-03 5.619743e-03 1 5
2.096384e+14 2.864585e+00 4.432648e+00 2.841334e-02 4.460966e+00 -6.347936e-03 6.369324e-03 1 5
2.695732e+14 3.037086e+00 4.900609e+00 3.888436e-02 4.917386e+00 -3.411758e-03 7.907526e-03 1 5
3.546494e+14 3.242240e+00 5.472770e+00 5.660599e-02 5.478292e+00 -1.007961e-03 1.033278e-02 1 5
4.773615e+14 3.486831e+00 6.260661e+00 8.397791e-02 6.174745e+00 1.391405e-02 1.360022e-02 1 5
6.566033e+14 3.778435e+00 6.844978e+00 1.485702e-01 7.048860e+00 -2.892413e-02 2.107720e-02 1 5
9.896050e+14 4.204949e+00 8.283441e+00 2.699791e-01 8.393317e+00 -1.309088e-02 3.216596e-02 1 5
5.441173e+13 1.984816e+00 2.402196e+00 1.150485e-02 2.389012e+00 5.518370e-03 4.815734e-03 1 6
6.030078e+13 2.026883e+00 2.478729e+00 9.647441e-03 2.491211e+00 -5.010633e-03 3.872591e-03 1 6
6.903464e+13 2.084237e+00 2.605989e+00 1.037868e-02 2.608862e+00 -1.100988e-03 3.978240e-03 1 6
8.007323e+13 2.149852e+00 2.723598e+00 1.101358e-02 2.744935e+00 -7.773158e-03 4.012328e-03 1 6
9.411916e+13 2.224766e+00 2.876862e+00 1.147897e-02 2.903115e+00 -9.043316e-03 3.954017e-03 1 6
1.118393e+14 2.308903e+00 3.081370e+00 1.326190e-02 3.088010e+00 -2.150418e-03 4.294641e-03 1 6
1.348355e+14 2.405315e+00 3.249519e+00 1.514050e-02 3.305438e+00 -1.691732e-02 4.580484e-03 1 6
1.652516e+14 2.516801e+00 3.555282e+00 1.789757e-02 3.562797e+00 -2.109337e-03 5.023461e-03 1 6
2.059497e+14 2.645860e+00 3.837926e+00 2.209916e-02 3.869592e+00 -8.183293e-03 5.710980e-03 1 6
2.613832e+14 2.796307e+00 4.228908e+00 2.664466e-02 4.238164e+00 -2.183935e-03 6.286841e-03 1 6
3.378937e+14 2.972069e+00 4.685799e+00 3.611079e-02 4.684675e+00 2.399147e-04 7.708281e-03 1 6
4.469800e+14 3.181563e+00 5.162219e+00 5.386020e-02 5.230493e+00 -1.305316e-02 1.029735e-02 1 6
6.023729e+14 3.428095e+00 5.881609e+00 7.956158e-02 5.904090e+00 -3.807794e-03 1.347567e-02 1 6
8.348164e+14 3.728716e+00 6.799674e+00 1.460223e-01 6.743638e+00 8.309456e-03 2.165335e-02 1 6
1.243048e+15 4.146101e+00 7.774196e+00 2.659126e-01 8.025518e+00 -3.131537e-02 3.313338e-02 1 6
5.466133e+13 1.838956e+00 2.119385e+00 9.087669e-03 2.109266e+00 4.797389e-03 4.308451e-03 1 7
6.084556e+13 1.879650e+00 2.191777e+00 8.336467e-03 2.197343e+00 -2.533258e-03 3.793885e-03 1 7
6.968459e+13 1.933033e+00 2.292650e+00 8.739609e-03 2.298176e+00 -2.404217e-03 3.802846e-03 1 7
8.063847e+13 1.992960e+00 2.416887e+00 9.086341e-03 2.414083e+00 1.161439e-03 3.763889e-03 1 7
9.427915e+13 2.060103e+00 2.535210e+00 9.890132e-03 2.547910e+00 -4.984327e-03 3.881665e-03 1 7
1.117596e+14 2.136908e+00 2.693860e+00 1.108363e-02 2.703167e+00 -3.442939e-03 4.100238e-03 1 7
1.342175e+14 2.224227e+00 2.858872e+00 1.288351e-02 2.884220e+00 -8.788568e-03 4.466897e-03 1 7
1.631502e+14 2.322989e+00 3.059795e+00 1.409437e-02 3.096542e+00 -1.186725e-02 4.551649e-03 1 7
2.016176e+14 2.437236e+00 3.319139e+00 1.657269e-02 3.347060e+00 -8.342149e-03 4.951418e-03 1 7
2.530805e+14 2.568905e+00 3.608898e+00 2.057215e-02 3.644613e+00 -9.799541e-03 5.644536e-03 1 7
3.230257e+14 2.721573e+00 3.985711e+00 2.558274e-02 4.000584e+00 -3.717826e-03 6.394751e-03 1 7
4.201162e+14 2.900462e+00 4.418417e+00 3.382419e-02 4.429758e+00 -2.560084e-03 7.635675e-03 1 7
5.584265e+14 3.113038e+00 4.961760e+00 5.030727e-02 4.951505e+00 2.070982e-03 1.016000e-02 1 7
7.547250e+14 3.362046e+00 5.555841e+00 7.712412e-02 5.591374e+00 -6.354916e-03 1.379341e-02 1 7
1.045480e+15 3.663023e+00 6.427300e+00 1.360744e-01 6.383236e+00 6.902961e-03 2.131747e-02 1 7
1.563388e+15 4.087159e+00 7.569606e+00 2.525972e-01 7.585151e+00 -2.049483e-03 3.330153e-02 1 7
5.491094e+13 1.702420e+00 1.880744e+00 7.706221e-03 1.864515e+00 8.703879e-03 4.133096e-03 1 8
6.138866e+13 1.741656e+00 1.950191e+00 7.171033e-03 1.940344e+00 5.074955e-03 3.695753e-03 1 8
7.022377e+13 1.790722e+00 2.032303e+00 7.550590e-03 2.026729e+00 2.750333e-03 3.725505e-03 1 8
8.117849e+13 1.845875e+00 2.119436e+00 7.952618e-03 2.125484e+00 -2.845202e-03 3.741557e-03 1 8
9.470540e+13 1.907219e+00 2.237977e+00 8.394809e-03 2.238803e+00 -3.693005e-04 3.749686e-03 1 8
1.118231e+14 1.976662e+00 2.364419e+00 9.114891e-03 2.369358e+00 -2.084783e-03 3.846987e-03 1 8
1.336512e+14 2.055262e+00 2.500018e+00 1.035923e-02 2.520427e+00 -8.097522e-03 4.110111e-03 1 8
1.617576e+14 2.144394e+00 2.675834e+00 1.148757e-02 2.696063e+00 -7.503178e-03 4.260870e-03 1 8
1.983931e+14 2.245890e+00 2.887071e+00 1.228599e-02 2.901313e+00 -4.908754e-03 4.234630e-03 1 8
2.468340e+14 2.362139e+00 3.146890e+00 1.569155e-02 3.142510e+00 1.393590e-03 4.993317e-03 1 8
3.119604e+14 2.496301e+00 3.386018e+00 1.934071e-02 3.427676e+00 -1.215346e-02 5.642513e-03 1 8
4.003462e+14 2.651175e+00 3.775067e+00 2.461993e-02 3.767051e+00 2.128083e-03 6.535598e-03 1 8
5.232134e+14 2.832532e+00 4.172498e+00 3.260302e-02 4.173812e+00 -3.147668e-04 7.811329e-03 1 8
6.967578e+14 3.046059e+00 4.703150e+00 5.017906e-02 4.665046e+00 8.167933e-03 1.075639e-02 1 8
9.463283e+14 3.299330e+00 5.369882e+00 7.295445e-02 5.263038e+00 2.030081e-02 1.386166e-02 1 8
1.310287e+15 3.600875e+00 6.171687e+00 1.242171e-01 5.996964e+00 2.913517e-02 2.071333e-02 1 8
1.963147e+15 4.029483e+00 7.045340e+00 2.440447e-01 7.101488e+00 -7.906601e-03 3.436529e-02 1 8
5.404320e+13 1.611369e+00 1.734030e+00 8.401122e-03 1.699163e+00 2.051995e-02 4.944270e-03 1 9
5.929959e+13 1.642151e+00 1.783576e+00 6.614559e-03 1.765187e+00 1.041774e-02 3.747229e-03 1 9
6.750833e+13 1.686584e+00 1.844211e+00 6.916456e-03 1.840085e+00 2.241774e-03 3.758769e-03 1 9
7.778580e+13 1.737154e+00 1.932262e+00 7.162884e-03 1.925306e+00 3.613193e-03 3.720388e-03 1 9
9.043123e+13 1.793325e+00 2.013400e+00 7.418581e-03 2.022578e+00 -4.537951e-03 3.667884e-03 1 9
1.060284e+14 1.855523e+00 2.129668e+00 7.953333e-03 2.133989e+00 -2.024817e-03 3.726979e-03 1 9
1.258902e+14 1.926144e+00 2.258497e+00 8.709822e-03 2.262066e+00 -1.577709e-03 3.850383e-03 1 9
1.512116e+14 2.005806e+00 2.389527e+00 9.712038e-03 2.409892e+00 -8.450522e-03 4.030072e-03 1 9
1.837716e+14 2.095783e+00 2.564932e+00 1.093920e-02 2.581262e+00 -6.326591e-03 4.237927e-03 1 9
2.264427e+14 2.198548e+00 2.771272e+00 1.261286e-02 2.780873e+00 -3.452485e-03 4.535576e-03 1 9
2.831675e+14 2.316571e+00 3.012984e+00 1.529622e-02 3.014582e+00 -5.300277e-04 5.074077e-03 1 9
3.594268e+14 2.452441e+00 3.290596e+00 1.814411e-02 3.289764e+00 2.531070e-04 5.515324e-03 1 9
4.628904e+14 2.608961e+00 3.622610e+00 2.406682e-02 3.615770e+00 1.891632e-03 6.656071e-03 1 9
6.067824e+14 2.792098e+00 4.029905e+00 3.200850e-02 4.004547e+00 6.332290e-03 7.993040e-03 1 9
8.102041e+14 3.007730e+00 4.582081e+00 4.700802e-02 4.471457e+00 2.474001e-02 1.051291e-02 1 9
1.101940e+15 3.262753e+00 5.159329e+00 7.235622e-02 5.036366e+00 2.441504e-02 1.436675e-02 1 9
1.522000e+15 3.563030e+00 5.939272e+00 1.241422e-01 5.725030e+00 3.742195e-02 2.168411e-02 1 9
2.290530e+15 3.998626e+00 6.724293e+00 2.431812e-01 6.752490e+00 -4.175796e-03 3.601356e-02 1 9
5.078521e+13 3.578444e+00 6.677665e+00 9.313037e-02 6.594329e+00 1.263752e-02 1.412280e-02 2 1
5.800038e+13 3.675785e+00 7.128412e+00 8.847512e-02 6.961726e+00 2.394322e-02 1.270879e-02 2 1
7.023940e+13 3.822963e+00 7.696795e+00 1.091134e-01 7.458975e+00 3.188374e-02 1.462848e-02 2 1
8.879147e+13 4.014995e+00 8.480218e+00 1.422834e-01 8.143091e+00 4.140036e-02 1.747290e-02 2 1
1.188277e+14 4.273636e+00 9.435650e+00 2.306770e-01 9.102133e+00 3.664163e-02 2.534318e-02 2 1
1.811754e+14 4.692112e+00 1.046311e+01 4.286338e-01 1.069350e+01 -2.154496e-02 4.008357e-02 2 1
5.115780e+13 2.477035e+00 3.336483e+00 1.628134e-02 3.318914e+00 5.293679e-03 4.905625e-03 2 2
5.796754e+13 2.540389e+00 3.508636e+00 1.586894e-02 3.472762e+00 1.033006e-02 4.569545e-03 2 2
6.706122e+13 2.617275e+00 3.681968e+00 1.792017e-02 3.653984e+00 7.658450e-03 4.904284e-03 2 2
7.877723e+13 2.706203e+00 3.887163e+00 1.981237e-02 3.868889e+00 4.723416e-03 5.120946e-03 2 2
9.411485e+13 2.809600e+00 4.179060e+00 2.159188e-02 4.125644e+00 1.294725e-02 5.233579e-03 2 2
1.146514e+14 2.931088e+00 4.474793e+00 2.760886e-02 4.434936e+00 8.986906e-03 6.225312e-03 2 2
1.425077e+14 3.073839e+00 4.823432e+00 3.535239e-02 4.810928e+00 2.598961e-03 7.348351e-03 2 2
1.811210e+14 3.242938e+00 5.339015e+00 4.338110e-02 5.272605e+00 1.259528e-02 8.227641e-03 2 2
2.360259e+14 3.445367e+00 5.956554e+00 6.255419e-02 5.845733e+00 1.895750e-02 1.070083e-02 2 2
3.156535e+14 3.688681e+00 6.781126e+00 9.256652e-02 6.565661e+00 3.281697e-02 1.409858e-02 2 2
4.325151e+14 3.980259e+00 7.711855e+00 1.674808e-01 7.481327e+00 3.081368e-02 2.238651e-02 2 2
6.632388e+14 4.429577e+00 8.803058e+00 3.183434e-01 8.907257e+00 -1.169818e-02 3.573979e-02 2 2
5.126683e+13 2.320488e+00 2.964518e+00 1.318487e-02 2.949962e+00 4.934298e-03 4.469504e-03 2 3
5.822223e+13 2.380941e+00 3.098124e+00 1.297692e-02 3.083651e+00 4.693438e-03 4.208296e-03 2 3
6.711748e+13 2.451238e+00 3.276673e+00 1.419025e-02 3.239714e+00 1.140801e-02 4.380094e-03 2 3
7.847689e+13 2.532065e+00 3.439339e+00 1.611455e-02 3.422998e+00 4.773765e-03 4.707728e-03 2 3
9.326274e+13 2.625830e+00 3.650256e+00 1.814532e-02 3.639684e+00 2.904431e-03 4.985411e-03 2 3
1.126849e+14 2.734418e+00 3.932669e+00 2.050826e-02 3.897733e+00 8.963299e-03 5.261587e-03 2 3
1.385096e+14 2.860332e+00 4.244162e+00 2.567269e-02 4.207508e+00 8.711698e-03 6.101637e-03 2 3
1.737066e+14 3.008207e+00 4.564351e+00 3.062426e-02 4.582662e+00 -3.995792e-03 6.682635e-03 2 3
2.223949e+14 3.182229e+00 5.107472e+00 4.118136e-02 5.041370e+00 1.311189e-02 8.168685e-03 2 3
2.917451e+14 3.390176e+00 5.708652e+00 6.090930e-02 5.608091e+00 1.793149e-02 1.086097e-02 2 3
3.914272e+14 3.637432e+00 6.413804e+00 8.790425e-02 6.316078e+00 1.547258e-02 1.391754e-02 2 3
5.402391e+14 3.938230e+00 7.419473e+00 1.565840e-01 7.210908e+00 2.892355e-02 2.171488e-02 2 3
8.167900e+14 4.376641e+00 8.565003e+00 2.913320e-01 8.598841e+00 -3.935255e-03 3.388038e-02 2 3
4.862622e+13 2.143937e+00 2.587206e+00 3.570026e-02 2.523222e+00 2.535788e-02 1.414868e-02 2 4
5.198075e+13 2.172824e+00 2.634764e+00 1.048215e-02 2.624874e+00 3.767957e-03 3.993392e-03 2 4
5.920608e+13 2.230832e+00 2.753817e+00 1.116071e-02 2.742053e+00 4.290012e-03 4.070200e-03 2 4
6.820640e+13 2.296486e+00 2.893939e+00 1.139405e-02 2.877806e+00 5.606108e-03 3.959285e-03 2 4
7.969355e+13 2.371971e+00 3.030191e+00 1.328379e-02 3.035932e+00 -1.891105e-03 4.375524e-03 2 4
9.432173e+13 2.457795e+00 3.216618e+00 1.497599e-02 3.221216e+00 -1.427237e-03 4.649173e-03 2 4
1.131722e+14 2.555685e+00 3.460610e+00 1.552802e-02 3.439726e+00 6.071461e-03 4.514318e-03 2 4
1.381303e+14 2.669263e+00 3.746748e+00 1.784685e-02 3.699241e+00 1.284232e-02 4.824461e-03 2 4
1.715827e+14 2.801197e+00 3.988424e+00 2.271060e-02 4.009845e+00 -5.342157e-03 5.663711e-03 2 4
2.169337e+14 2.954509e+00 4.389660e+00 2.905994e-02 4.384728e+00 1.124832e-03 6.627535e-03 2 4
2.797874e+14 3.134547e+00 4.867088e+00 4.103539e-02 4.841315e+00 5.323423e-03 8.476083e-03 2 4
3.687902e+14 3.347856e+00 5.503716e+00 5.611011e-02 5.402875e+00 1.866429e-02 1.038523e-02 2 4
4.968612e+14 3.601414e+00 6.242106e+00 8.979754e-02 6.100733e+00 2.317311e-02 1.471914e-02 2 4
6.829626e+14 3.902238e+00 6.958327e+00 1.491395e-01 6.977399e+00 -2.733267e-03 2.137466e-02 2 4
1.023762e+15 4.337051e+00 8.121269e+00 2.812554e-01 8.327268e+00 -2.473792e-02 3.377522e-02 2 4
4.862669e+13 1.996693e+00 2.301277e+00 3.062611e-02 2.229228e+00 3.232041e-02 1.373844e-02 2 5
5.199087e+13 2.023671e+00 2.329107e+00 8.648403e-03 2.316640e+00 5.381764e-03 3.733167e-03 2 5
5.921148e+13 2.077654e+00 2.422073e+00 9.040533e-03 2.416850e+00 2.161306e-03 3.740627e-03 2 5
6.810773e+13 2.138122e+00 2.528898e+00 1.034120e-02 2.532252e+00 -1.324356e-03 4.083796e-03 2 5
7.928765e+13 2.206702e+00 2.668477e+00 1.063484e-02 2.665800e+00 1.004404e-03 3.989361e-03 2 5
9.340025e+13 2.284221e+00 2.821417e+00 1.143678e-02 2.821166e+00 8.863563e-05 4.053920e-03 2 5
1.114894e+14 2.372467e+00 2.999459e+00 1.366954e-02 3.002955e+00 -1.164231e-03 4.552029e-03 2 5
1.349785e+14 2.473344e+00 3.234317e+00 1.555995e-02 3.216990e+00 5.385847e-03 4.836805e-03 2 5
1.661103e+14 2.589902e+00 3.479994e+00 1.744166e-02 3.470710e+00 2.675114e-03 5.025387e-03 2 5
2.077614e+14 2.724472e+00 3.780411e+00 2.161354e-02 3.773690e+00 1.780932e-03 5.727428e-03 2 5
2.643812e+14 2.880721e+00 4.126273e+00 2.714554e-02 4.138393e+00 -2.928666e-03 6.559441e-03 2 5
3.429172e+14 3.063816e+00 4.614684e+00 3.763688e-02 4.581182e+00 7.312907e-03 8.215539e-03 2 5
4.534288e+14 3.279037e+00 5.201731e+00 5.261900e-02 5.123755e+00 1.521858e-02 1.026962e-02 2 5
6.136087e+14 3.536446e+00 5.935329e+00 8.125796e-02 5.795104e+00 2.419707e-02 1.402183e-02 2 5
8.511873e+14 3.847247e+00 6.648666e+00 1.408313e-01 6.634211e+00 2.178851e-03 2.122805e-02 2 5
1.279722e+15 4.288946e+00 7.901002e+00 2.522993e-01 7.926225e+00 -3.182237e-03 3.183095e-02 2 5
4.886527e+13 1.857283e+00 2.050903e+00 1.748797e-02 1.974029e+00 3.894296e-02 8.859024e-03 2 6
5.259228e+13 1.884894e+00 2.054852e+00 7.601005e-03 2.049606e+00 2.559909e-03 3.708521e-03 2 6
5.994570e+13 1.935554e+00 2.152209e+00 8.008348e-03 2.135853e+00 7.658012e-03 3.749485e-03 2 6
6.884296e+13 1.991298e+00 2.253413e+00 8.239928e-03 2.234676e+00 8.384726e-03 3.687304e-03 2 6
8.001635e+13 2.054550e+00 2.342818e+00 9.368458e-03 2.348402e+00 -2.377900e-03 3.989291e-03 2 6
9.407446e+13 2.125901e+00 2.484241e+00 9.841513e-03 2.479894e+00 1.753076e-03 3.968522e-03 2 6
1.117931e+14 2.205955e+00 2.609864e+00 1.080846e-02 2.632695e+00 -8.672181e-03 4.105476e-03 2 6
1.346285e+14 2.297091e+00 2.834182e+00 1.233118e-02 2.811235e+00 8.162613e-03 4.386392e-03 2 6
1.643738e+14 2.401058e+00 3.020733e+00 1.429617e-02 3.021090e+00 -1.180692e-04 4.732123e-03 2 6
2.036847e+14 2.520325e+00 3.265498e+00 1.614167e-02 3.269334e+00 -1.173355e-03 4.937297e-03 2 6
2.565944e+14 2.658327e+00 3.574878e+00 2.115997e-02 3.565035e+00 2.760830e-03 5.935416e-03 2 6
3.287920e+14 2.818587e+00 3.910875e+00 2.609735e-02 3.919919e+00 -2.307158e-03 6.657625e-03 2 6
4.278755e+14 3.004009e+00 4.344905e+00 3.388246e-02 4.349272e+00 -1.004119e-03 7.790375e-03 2 6
5.693477e+14 3.224766e+00 4.995338e+00 4.951494e-02 4.873203e+00 2.506276e-02 1.016066e-02 2 6
7.716082e+14 3.484977e+00 5.541956e+00 7.975047e-02 5.518350e+00 4.277714e-03 1.445187e-02 2 6
1.072381e+15 3.800200e+00 6.273928e+00 1.344004e-01 6.320193e+00 -7.320175e-03 2.126523e-02 2 6
1.620377e+15 4.252641e+00 7.774346e+00 2.472048e-01 7.550107e+00 2.970017e-02 3.274190e-02 2 6
4.922702e+13 1.725914e+00 1.764532e+00 1.220263e-02 1.748608e+00 9.107063e-03 6.978485e-03 2 7
5.321014e+13 1.753111e+00 1.829066e+00 7.019675e-03 1.813579e+00 8.539169e-03 3.870619e-03 2 7
6.055961e+13 1.799732e+00 1.900789e+00 7.064690e-03 1.887453e+00 7.065237e-03 3.742975e-03 2 7
6.959778e+13 1.851887e+00 1.986094e+00 7.302000e-03 1.971749e+00 7.275179e-03 3.703311e-03 2 7
8.067297e+13 1.909677e+00 2.069693e+00 7.792911e-03 2.068302e+00 6.723337e-04 3.767782e-03 2 7
9.457473e+13 1.974843e+00 2.179791e+00 8.645410e-03 2.179346e+00 2.042445e-04 3.966974e-03 2 7
1.120915e+14 2.048079e+00 2.293219e+00 9.152711e-03 2.307620e+00 -6.240577e-03 3.966299e-03 2 7
1.342769e+14 2.130240e+00 2.442451e+00 1.013697e-02 2.456496e+00 -5.717500e-03 4.126596e-03 2 7
1.629420e+14 2.223579e+00 2.618374e+00 1.127212e-02 2.630161e+00 -4.481807e-03 4.285713e-03 2 7
2.005441e+14 2.330325e+00 2.835689e+00 1.276988e-02 2.833868e+00 6.424911e-04 4.506167e-03 2 7
2.502501e+14 2.452302e+00 3.092573e+00 1.511565e-02 3.074243e+00 5.962336e-03 4.916869e-03 2 7
3.172786e+14 2.593221e+00 3.358515e+00 1.962770e-02 3.359716e+00 -3.577252e-04 5.842071e-03 2 7
4.087135e+14 2.756377e+00 3.703298e+00 2.487552e-02 3.701116e+00 5.894792e-04 6.721088e-03 2 7
5.355779e+14 2.946699e+00 4.126557e+00 3.504143e-02 4.112461e+00 3.427691e-03 8.520793e-03 2 7
7.126829e+14 3.168098e+00 4.711613e+00 4.727313e-02 4.612028e+00 2.159253e-02 1.024997e-02 2 7
9.691180e+14 3.432520e+00 5.218719e+00 7.433131e-02 5.223812e+00 -9.748519e-04 1.422932e-02 2 7
1.337994e+15 3.743328e+00 5.963863e+00 1.291216e-01 5.979441e+00 -2.605275e-03 2.159426e-02 2 7
2.060595e+15 4.221796e+00 7.230109e+00 2.329113e-01 7.133556e+00 1.353505e-02 3.265010e-02 2 7
4.934487e+13 1.601662e+00 1.609357e+00 1.002241e-02 1.549350e+00 3.873046e-02 6.468782e-03 2 8
5.346645e+13 1.627699e+00 1.622485e+00 6.000840e-03 1.604730e+00 1.106428e-02 3.739471e-03 2 8
6.079874e+13 1.670709e+00 1.687124e+00 6.517972e-03 1.667510e+00 1.176220e-02 3.908805e-03 2 8
6.984584e+13 1.719007e+00 1.755835e+00 6.398079e-03 1.738895e+00 9.741695e-03 3.679393e-03 2 8
8.081075e+13 1.771980e+00 1.843385e+00 6.859987e-03 1.820323e+00 1.266931e-02 3.768555e-03 2 8
9.439489e+13 1.831051e+00 1.934077e+00 7.592969e-03 1.913525e+00 1.074043e-02 3.968053e-03 2 8
1.114450e+14 1.897351e+00 2.027411e+00 8.137313e-03 2.020595e+00 3.373258e-03 4.027186e-03 2 8
1.330285e+14 1.971885e+00 2.130817e+00 8.586936e-03 2.144088e+00 -6.189422e-03 4.004937e-03 2 8
1.605638e+14 2.055745e+00 2.281145e+00 9.394390e-03 2.287128e+00 -2.615907e-03 4.107506e-03 2 8
1.962492e+14 2.150892e+00 2.448686e+00 1.114672e-02 2.453575e+00 -1.992309e-03 4.543054e-03 2 8
2.430509e+14 2.259281e+00 2.669979e+00 1.264100e-02 2.648238e+00 8.209573e-03 4.773363e-03 2 8
3.053020e+14 2.383482e+00 2.892058e+00 1.528637e-02 2.877132e+00 5.187678e-03 5.313056e-03 2 8
3.888004e+14 2.525837e+00 3.174956e+00 1.834233e-02 3.147867e+00 8.605481e-03 5.826909e-03 2 8
5.029335e+14 2.690713e+00 3.483739e+00 2.347816e-02 3.470133e+00 3.921065e-03 6.765783e-03 2 8
6.620874e+14 2.883705e+00 3.923181e+00 3.235533e-02 3.856366e+00 1.732584e-02 8.390108e-03 2 8
8.868657e+14 3.110326e+00 4.435033e+00 4.578078e-02 4.322634e+00 2.600232e-02 1.059095e-02 2 8
1.204872e+15 3.374765e+00 4.892071e+00 7.040529e-02 4.889818e+00 4.608821e-04 1.439835e-02 2 8
1.674213e+15 3.693629e+00 5.715097e+00 1.254925e-01 5.585136e+00 2.326892e-02 2.246901e-02 2 8
2.564376e+15 4.169926e+00 6.814642e+00 2.217443e-01 6.643485e+00 2.576311e-02 3.337771e-02 2 8
4.862864e+13 1.519749e+00 1.466108e+00 1.880904e-02 1.419640e+00 3.273291e-02 1.324916e-02 2 9
5.189583e+13 1.539704e+00 1.496116e+00 5.672118e-03 1.467918e+00 1.920952e-02 3.864057e-03 2 9
5.877559e+13 1.578982e+00 1.543747e+00 5.668199e-03 1.522494e+00 1.395893e-02 3.722969e-03 2 9
6.719054e+13 1.622840e+00 1.597852e+00 6.047042e-03 1.584345e+00 8.525497e-03 3.816747e-03 2 9
7.756856e+13 1.671905e+00 1.678576e+00 6.368965e-03 1.654627e+00 1.447356e-02 3.849184e-03 2 9
9.021922e+13 1.725856e+00 1.763939e+00 6.689730e-03 1.734722e+00 1.684274e-02 3.856370e-03 2 9
1.059350e+14 1.785984e+00 1.850954e+00 7.426021e-03 1.826280e+00 1.351055e-02 4.066200e-03 2 9
1.257841e+14 1.853664e+00 1.950143e+00 8.030785e-03 1.931289e+00 9.762307e-03 4.158250e-03 2 9
1.509006e+14 1.929472e+00 2.055127e+00 8.100359e-03 2.052161e+00 1.445212e-03 3.947233e-03 2 9
1.831808e+14 2.015125e+00 2.189381e+00 9.437639e-03 2.191838e+00 -1.121113e-03 4.305810e-03 2 9
2.249174e+14 2.111798e+00 2.359365e+00 1.059825e-02 2.353928e+00 2.310032e-03 4.502367e-03 2 9
2.797530e+14 2.221864e+00 2.589045e+00 1.251058e-02 2.542898e+00 1.814738e-02 4.919813e-03 2 9
3.527304e+14 2.347808e+00 2.774167e+00 1.450273e-02 2.764316e+00 3.563753e-03 5.246407e-03 2 9
4.508521e+14 2.492265e+00 3.078325e+00 1.822877e-02 3.025172e+00 1.757019e-02 6.025695e-03 2 9
5.849572e+14 2.659338e+00 3.398159e+00 2.392079e-02 3.334312e+00 1.914861e-02 7.174133e-03 2 9
7.714032e+14 2.854211e+00 3.818575e+00 3.201341e-02 3.703010e+00 3.120846e-02 8.645241e-03 2 9
1.034050e+15 3.082520e+00 4.252441e+00 4.558843e-02 4.145721e+00 2.574226e-02 1.099650e-02 2 9
1.405995e+15 3.349368e+00 4.795903e+00 7.118733e-02 4.681068e+00 2.453180e-02 1.520750e-02 2 9
1.961151e+15 3.674688e+00 5.482927e+00 1.209423e-01 5.333105e+00 2.809284e-02 2.267765e-02 2 9
2.959082e+15 4.137807e+00 6.559744e+00 2.145107e-01 6.318331e+00 3.820845e-02 3.395054e-02 2 9
5.657814e+13 3.975610e+00 8.804499e+00 2.691764e-01 8.332816e+00 5.660536e-02 3.230317e-02 3 1
6.460550e+13 4.085507e+00 9.456261e+00 1.915557e-01 8.872691e+00 6.577143e-02 2.158936e-02 3 1
8.359467e+13 4.311751e+00 1.030814e+01 2.690181e-01 9.771578e+00 5.491050e-02 2.753067e-02 3 1
1.274733e+14 4.722613e+00 1.195469e+01 5.432114e-01 1.142895e+01 4.600068e-02 4.752943e-02 3 1
5.635050e+13 2.731855e+00 4.345170e+00 3.692363e-02 4.282806e+00 1.456170e-02 8.621365e-03 3 2
6.224776e+13 2.788206e+00 4.514396e+00 2.688430e-02 4.485384e+00 6.468046e-03 5.993757e-03 3 2
7.221434e+13 2.875442e+00 4.746478e+00 2.982378e-02 4.730403e+00 3.398359e-03 6.304701e-03 3 2
8.547443e+13 2.979276e+00 5.029860e+00 3.379422e-02 5.029241e+00 1.232259e-04 6.719547e-03 3 2
1.035680e+14 3.104184e+00 5.450077e+00 4.288755e-02 5.397187e+00 9.799501e-03 7.946278e-03 3 2
1.288736e+14 3.255648e+00 5.916650e+00 5.337631e-02 5.855087e+00 1.051445e-02 9.116228e-03 3 2
1.648783e+14 3.439196e+00 6.530738e+00 7.318461e-02 6.431755e+00 1.538962e-02 1.137864e-02 3 2
2.172721e+14 3.662544e+00 7.348798e+00 1.098509e-01 7.167566e+00 2.528510e-02 1.532610e-02 3 2
2.975068e+14 3.942445e+00 8.348309e+00 1.859492e-01 8.119778e+00 2.814493e-02 2.290078e-02 3 2
4.514441e+14 4.361817e+00 9.563046e+00 3.775767e-01 9.608205e+00 -4.700101e-03 3.929732e-02 3 2
5.635041e+13 2.554070e+00 3.869848e+00 2.829203e-02 3.810106e+00 1.567997e-02 7.425525e-03 3 3
6.214040e+13 2.605828e+00 4.013946e+00 2.148444e-02 3.985792e+00 7.063596e-03 5.390254e-03 3 3
7.174926e+13 2.684690e+00 4.204015e+00 2.320167e-02 4.195277e+00 2.082886e-03 5.530426e-03 3 3
8.423468e+13 2.776780e+00 4.477286e+00 2.595300e-02 4.446902e+00 6.832639e-03 5.836198e-03 3 3
1.010212e+14 2.886637e+00 4.724375e+00 3.045596e-02 4.751648e+00 -5.739752e-03 6.409558e-03 3 3
1.237553e+14 3.016795e+00 5.146261e+00 3.808264e-02 5.124141e+00 4.316917e-03 7.432005e-03 3 3
1.554188e+14 3.173005e+00 5.676527e+00 5.028958e-02 5.584120e+00 1.654819e-02 9.005821e-03 3 3
2.002628e+14 3.360569e+00 6.296659e+00 6.512773e-02 6.158604e+00 2.241662e-02 1.057508e-02 3 3
2.663507e+14 3.590683e+00 7.120838e+00 1.029516e-01 6.884998e+00 3.425426e-02 1.495303e-02 3 3
3.662697e+14 3.874524e+00 7.894628e+00 1.752563e-01 7.815588e+00 1.011318e-02 2.242394e-02 3 3
5.518832e+14 4.287530e+00 9.496366e+00 3.621389e-01 9.261666e+00 2.534102e-02 3.910084e-02 3 3
5.647515e+13 2.381273e+00 3.448484e+00 2.143381e-02 3.385556e+00 1.858717e-02 6.330957e-03 3 4
6.231526e+13 2.429839e+00 3.545051e+00 1.740319e-02 3.538855e+00 1.750906e-03 4.917746e-03 3 4
7.176499e+13 2.502040e+00 3.743134e+00 1.739783e-02 3.719494e+00 6.355593e-03 4.677472e-03 3 4
8.402758e+13 2.586398e+00 3.950261e+00 2.031636e-02 3.933738e+00 4.200485e-03 5.164646e-03 3 4
1.000768e+14 2.684694e+00 4.215039e+00 2.335821e-02 4.189678e+00 6.053297e-03 5.575180e-03 3 4
1.213194e+14 2.799203e+00 4.502936e+00 2.830127e-02 4.497887e+00 1.122499e-03 6.292125e-03 3 4
1.501482e+14 2.934278e+00 4.915877e+00 3.385357e-02 4.872350e+00 8.933383e-03 6.948099e-03 3 4
1.903475e+14 3.095639e+00 5.398355e+00 4.372173e-02 5.331767e+00 1.248906e-02 8.200233e-03 3 4
2.473656e+14 3.288713e+00 6.020430e+00 6.440085e-02 5.901444e+00 2.016220e-02 1.091273e-02 3 4
3.299472e+14 3.520938e+00 6.827884e+00 9.503015e-02 6.616021e+00 3.202265e-02 1.436364e-02 3 4
4.552346e+14 3.808206e+00 7.634558e+00 1.558227e-01 7.523317e+00 1.478610e-02 2.071196e-02 3 4
6.822284e+14 4.217028e+00 9.316295e+00 3.352398e-01 8.923735e+00 4.399058e-02 3.756721e-02 3 4
5.648817e+13 2.212379e+00 3.036916e+00 1.692104e-02 2.997076e+00 1.329309e-02 5.645849e-03 3 5
6.244361e+13 2.258351e+00 3.146799e+00 1.357392e-02 3.129970e+00 5.376683e-03 4.336757e-03 3 5
7.180825e+13 2.324763e+00 3.296474e+00 1.402105e-02 3.285066e+00 3.472575e-03 4.268119e-03 3 5
8.368489e+13 2.400764e+00 3.487932e+00 1.565642e-02 3.467122e+00 6.001997e-03 4.515683e-03 3 5
9.907798e+13 2.488788e+00 3.674986e+00 1.792066e-02 3.682189e+00 -1.956176e-03 4.866849e-03 3 5
1.192132e+14 2.590602e+00 3.959657e+00 2.008169e-02 3.938037e+00 5.490077e-03 5.099417e-03 3 5
1.461647e+14 2.709740e+00 4.231186e+00 2.545355e-02 4.244748e+00 -3.194822e-03 5.996481e-03 3 5
1.826198e+14 2.848930e+00 4.618130e+00 3.168728e-02 4.615559e+00 5.569769e-04 6.865317e-03 3 5
2.331744e+14 3.013529e+00 5.126035e+00 4.125638e-02 5.068030e+00 1.144525e-02 8.140517e-03 3 5
3.051407e+14 3.210477e+00 5.718058e+00 5.822803e-02 5.625698e+00 1.641742e-02 1.035037e-02 3 5
4.094714e+14 3.446878e+00 6.463122e+00 8.886520e-02 6.320435e+00 2.257561e-02 1.405998e-02 3 5
5.660026e+14 3.735795e+00 7.374850e+00 1.511514e-01 7.195707e+00 2.489582e-02 2.100578e-02 3 5
8.500660e+14 4.147878e+00 8.803883e+00 2.985947e-01 8.540018e+00 3.089750e-02 3.496418e-02 3 5
5.699725e+13 2.053404e+00 2.665007e+00 1.271665e-02 2.658087e+00 2.603278e-03 4.784135e-03 3 6
6.356317e+13 2.099916e+00 2.783315e+00 1.136944e-02 2.774410e+00 3.209892e-03 4.097966e-03 3 6
7.293562e+13 2.160779e+00 2.911359e+00 1.208969e-02 2.909047e+00 7.945817e-04 4.155895e-03 3 6
8.470910e+13 2.229907e+00 3.061197e+00 1.316558e-02 3.065683e+00 -1.463465e-03 4.294501e-03 3 6
9.994245e+13 2.310030e+00 3.251874e+00 1.424241e-02 3.248934e+00 9.051442e-04 4.383720e-03 3 6
1.196576e+14 2.401997e+00 3.461500e+00 1.640327e-02 3.464633e+00 -9.042468e-04 4.734489e-03 3 6
1.454221e+14 2.507574e+00 3.710357e+00 1.816241e-02 3.720233e+00 -2.654716e-03 4.882061e-03 3 6
1.799230e+14 2.630467e+00 4.014645e+00 2.367703e-02 4.025331e+00 -2.654737e-03 5.882009e-03 3 6
2.270584e+14 2.774687e+00 4.405613e+00 2.901143e-02 4.392418e+00 3.004066e-03 6.604888e-03 3 6
2.921926e+14 2.943809e+00 4.938384e+00 3.825038e-02 4.837930e+00 2.076386e-02 7.906354e-03 3 6
3.843784e+14 3.144401e+00 5.509840e+00 5.655002e-02 5.383662e+00 2.343714e-02 1.050401e-02 3 6
5.161369e+14 3.381698e+00 6.008525e+00 8.554593e-02 6.058806e+00 -8.298690e-03 1.411927e-02 3 6
7.108286e+14 3.668127e+00 7.156609e+00 1.485068e-01 6.902681e+00 3.678681e-02 2.151437e-02 3 6
1.078421e+15 4.093012e+00 8.563510e+00 2.805989e-01 8.186793e+00 4.601519e-02 3.427458e-02 3 6
5.725303e+13 1.900016e+00 2.370274e+00 1.030702e-02 2.350068e+00 8.597704e-03 4.385839e-03 3 7
6.412550e+13 1.944810e+00 2.457932e+00 9.225082e-03 2.450804e+00 2.908427e-03 3.764104e-03 3 7
7.349123e+13 2.000713e+00 2.562934e+00 9.864612e-03 2.566601e+00 -1.428484e-03 3.843454e-03 3 7
8.527536e+13 2.064359e+00 2.716103e+00 1.052492e-02 2.700309e+00 5.848948e-03 3.897674e-03 3 7
1.001694e+14 2.136558e+00 2.852216e+00 1.134501e-02 2.855456e+00 -1.134932e-03 3.973100e-03 3 7
1.191955e+14 2.218658e+00 3.036366e+00 1.292679e-02 3.036435e+00 -2.265874e-05 4.257225e-03 3 7
1.439939e+14 2.313052e+00 3.241050e+00 1.462096e-02 3.248764e+00 -2.374601e-03 4.500470e-03 3 7
1.765296e+14 2.421269e+00 3.487772e+00 1.734471e-02 3.499449e+00 -3.336816e-03 4.956412e-03 3 7
2.203346e+14 2.547278e+00 3.814160e+00 2.047743e-02 3.797438e+00 4.403593e-03 5.392435e-03 3 7
2.801971e+14 2.694525e+00 4.170501e+00 2.699197e-02 4.154292e+00 3.901734e-03 6.497369e-03 3 7
3.628337e+14 2.866422e+00 4.626372e+00 3.562315e-02 4.585077e+00 9.006374e-03 7.769368e-03 3 7
4.790848e+14 3.068682e+00 5.221909e+00 5.225975e-02 5.109590e+00 2.198201e-02 1.022778e-02 3 7
6.476791e+14 3.310979e+00 5.836810e+00 8.245894e-02 5.754039e+00 1.438481e-02 1.433062e-02 3 7
8.947709e+14 3.600641e+00 6.947494e+00 1.476366e-01 6.553301e+00 6.015184e-02 2.252859e-02 3 7
1.367085e+15 4.035105e+00 8.133296e+00 2.882947e-01 7.759809e+00 4.813097e-02 3.715230e-02 3 7
5.764907e+13 1.757063e+00 2.081760e+00 8.112909e-03 2.082535e+00 -3.723587e-04 3.895688e-03 3 8
6.495496e+13 1.800731e+00 2.160528e+00 7.916589e-03 2.170225e+00 -4.468013e-03 3.647820e-03 3 8
7.444590e+13 1.852574e+00 2.264011e+00 8.430700e-03 2.270398e+00 -2.813134e-03 3.713314e-03 3 8
8.625880e+13 1.910994e+00 2.384101e+00 9.099409e-03 2.385276e+00 -4.926164e-04 3.814825e-03 3 8
1.011770e+14 1.977279e+00 2.512724e+00 9.651586e-03 2.517569e+00 -1.924241e-03 3.833694e-03 3 8
1.200762e+14 2.052140e+00 2.665215e+00 1.104267e-02 2.670600e+00 -2.016609e-03 4.134901e-03 3 8
1.442542e+14 2.136867e+00 2.836468e+00 1.204140e-02 2.848492e+00 -4.221035e-03 4.227290e-03 3 8
1.758390e+14 2.233959e+00 3.031912e+00 1.372253e-02 3.056383e+00 -8.006467e-03 4.489793e-03 3 8
2.174526e+14 2.345161e+00 3.283716e+00 1.668324e-02 3.300732e+00 -5.155482e-03 5.054406e-03 3 8
2.732430e+14 2.473560e+00 3.602359e+00 1.974518e-02 3.589740e+00 3.515215e-03 5.500448e-03 3 8
3.491563e+14 2.622551e+00 3.990266e+00 2.625641e-02 3.933884e+00 1.433242e-02 6.674425e-03 3 8
4.548326e+14 2.797541e+00 4.388292e+00 3.452675e-02 4.346689e+00 9.571266e-03 7.943229e-03 3 8
6.032413e+14 3.002686e+00 4.909399e+00 4.830800e-02 4.845729e+00 1.313939e-02 9.969191e-03 3 8
8.156069e+14 3.245220e+00 5.690883e+00 7.882109e-02 5.453973e+00 4.343789e-02 1.445205e-02 3 8
1.132160e+15 3.540146e+00 6.621603e+00 1.382021e-01 6.201575e+00 6.772926e-02 2.228500e-02 3 8
1.730210e+15 3.977682e+00 7.751560e+00 2.736460e-01 7.315513e+00 5.960569e-02 3.740626e-02 3 8
5.648800e+13 1.659598e+00 1.914725e+00 9.121050e-03 1.894008e+00 1.093813e-02 4.815740e-03 3 9
6.223806e+13 1.692934e+00 1.964403e+00 7.004334e-03 1.970190e+00 -2.937432e-03 3.555156e-03 3 9
7.107079e+13 1.740151e+00 2.036435e+00 8.049706e-03 2.056779e+00 -9.891139e-03 3.913743e-03 3 9
8.206284e+13 1.793477e+00 2.144932e+00 8.069429e-03 2.155527e+00 -4.915451e-03 3.743599e-03 3 9
9.564752e+13 1.852883e+00 2.253440e+00 8.291900e-03 2.268546e+00 -6.659131e-03 3.655161e-03 3 9
1.126010e+14 1.919297e+00 2.383823e+00 8.816802e-03 2.398403e+00 -6.078872e-03 3.676115e-03 3 9
1.343016e+14 1.994883e+00 2.530183e+00 9.985030e-03 2.548230e+00 -7.082119e-03 3.918418e-03 3 9
1.623104e+14 2.080903e+00 2.697523e+00 1.093988e-02 2.721886e+00 -8.950656e-03 4.019229e-03 3 9
1.986285e+14 2.178467e+00 2.889490e+00 1.358936e-02 2.924157e+00 -1.185564e-02 4.647275e-03 3 9
2.468312e+14 2.290760e+00 3.143874e+00 1.550631e-02 3.161029e+00 -5.427086e-03 4.905462e-03 3 9
3.116041e+14 2.420385e+00 3.463710e+00 1.940319e-02 3.440042e+00 6.880175e-03 5.640392e-03 3 9
4.000038e+14 2.570892e+00 3.817561e+00 2.410152e-02 3.770774e+00 1.240787e-02 6.391663e-03 3 9
5.219458e+14 2.745850e+00 4.234891e+00 3.389916e-02 4.165491e+00 1.666057e-02 8.138093e-03 3 9
6.941171e+14 2.951945e+00 4.691160e+00 4.654452e-02 4.639996e+00 1.102678e-02 1.003116e-02 3 9
9.409483e+14 3.195883e+00 5.423342e+00 7.617022e-02 5.214765e+00 3.999751e-02 1.460664e-02 3 9
1.307718e+15 3.491563e+00 6.255866e+00 1.303037e-01 5.916401e+00 5.737696e-02 2.202416e-02 3 9
2.024039e+15 3.943529e+00 7.535404e+00 2.725527e-01 6.952800e+00 8.379416e-02 3.920043e-02 3 9
5.042700e+13 3.668524e+00 7.531441e+00 4.795050e-01 6.932026e+00 8.647033e-02 6.917242e-02 4 1
5.429938e+13 3.723739e+00 7.325595e+00 1.010898e-01 7.267704e+00 7.965539e-03 1.390945e-02 4 1
6.448126e+13 3.856732e+00 7.949671e+00 1.201906e-01 7.736259e+00 2.758598e-02 1.553600e-02 4 1
8.045230e+13 4.038293e+00 8.707528e+00 1.500235e-01 8.401152e+00 3.646828e-02 1.785749e-02 4 1
1.076644e+14 4.296624e+00 9.836947e+00 2.358033e-01 9.362962e+00 5.062344e-02 2.518469e-02 4 1
1.635392e+14 4.710338e+00 1.095510e+01 4.555439e-01 1.098991e+01 -3.167290e-03 4.145112e-02 4 1
5.104865e+13 2.537715e+00 3.564788e+00 3.649063e-02 3.511628e+00 1.513842e-02 1.039137e-02 4 2
5.514281e+13 2.577606e+00 3.676804e+00 1.812421e-02 3.665780e+00 3.007141e-03 4.944161e-03 4 2
6.322000e+13 2.650548e+00 3.864607e+00 1.952128e-02 3.847818e+00 4.363240e-03 5.073337e-03 4 2
7.378498e+13 2.736652e+00 4.053615e+00 2.180812e-02 4.064209e+00 -2.606595e-03 5.365895e-03 4 2
8.747640e+13 2.836226e+00 4.338916e+00 2.417779e-02 4.323366e+00 3.596639e-03 5.592352e-03 4 2
1.057606e+14 2.953503e+00 4.623075e+00 2.894941e-02 4.636326e+00 -2.858047e-03 6.244041e-03 4 2
1.306660e+14 3.092485e+00 5.085802e+00 3.434157e-02 5.017756e+00 1.356102e-02 6.844010e-03 4 2
1.651348e+14 3.257449e+00 5.433741e+00 4.512409e-02 5.487391e+00 -9.776920e-03 8.223231e-03 4 2
2.143781e+14 3.456391e+00 6.139845e+00 6.435973e-02 6.072123e+00 1.115279e-02 1.059921e-02 4 2
2.856223e+14 3.695398e+00 6.981344e+00 9.862635e-02 6.809037e+00 2.530560e-02 1.448463e-02 4 2
3.927965e+14 3.988734e+00 8.003040e+00 1.678940e-01 7.749733e+00 3.268591e-02 2.166450e-02 4 2
5.881700e+14 4.408829e+00 9.144347e+00 3.388709e-01 9.212018e+00 -7.345977e-03 3.678574e-02 4 2
5.092382e+13 2.373920e+00 3.224568e+00 2.939895e-02 3.117306e+00 3.440856e-02 9.430885e-03 4 3
5.500297e+13 2.411183e+00 3.245301e+00 1.389815e-02 3.251358e+00 -1.862822e-03 4.274569e-03 4 3
6.311609e+13 2.479855e+00 3.401195e+00 1.600073e-02 3.408130e+00 -2.034822e-03 4.694870e-03 4 3
7.335257e+13 2.558145e+00 3.581679e+00 1.803520e-02 3.592560e+00 -3.028750e-03 5.020152e-03 4 3
8.637177e+13 2.647348e+00 3.813596e+00 1.999736e-02 3.810973e+00 6.883457e-04 5.247310e-03 4 3
1.035750e+14 2.751843e+00 4.057518e+00 2.266186e-02 4.071534e+00 -3.442451e-03 5.565927e-03 4 3
1.266140e+14 2.874387e+00 4.407485e+00 2.603451e-02 4.384893e+00 5.152183e-03 5.937318e-03 4 3
1.578950e+14 3.018247e+00 4.760210e+00 3.131909e-02 4.765115e+00 -1.029330e-03 6.572577e-03 4 3
2.010182e+14 3.187529e+00 5.178107e+00 4.146829e-02 5.231001e+00 -1.011158e-02 7.927411e-03 4 3
2.625227e+14 3.390646e+00 5.812244e+00 5.764034e-02 5.807934e+00 7.420639e-04 9.924413e-03 4 3
3.513130e+14 3.633609e+00 6.725081e+00 9.408850e-02 6.530579e+00 2.978321e-02 1.440737e-02 4 3
4.861082e+14 3.933913e+00 7.563938e+00 1.644790e-01 7.446679e+00 1.574647e-02 2.208757e-02 4 3
7.362533e+14 4.369939e+00 8.703253e+00 3.054685e-01 8.866579e+00 -1.842035e-02 3.445167e-02 4 3
5.117200e+13 2.217433e+00 2.797765e+00 2.024846e-02 2.767089e+00 1.108598e-02 7.317604e-03 4 4
5.553216e+13 2.254410e+00 2.894670e+00 1.146929e-02 2.884382e+00 3.566978e-03 3.976343e-03 4 4
6.364712e+13 2.318104e+00 3.034717e+00 1.239560e-02 3.020426e+00 4.731518e-03 4.103925e-03 4 4
7.375394e+13 2.389889e+00 3.182223e+00 1.380054e-02 3.179072e+00 9.912084e-04 4.341060e-03 4 4
8.656768e+13 2.471598e+00 3.370203e+00 1.612915e-02 3.365174e+00 1.494478e-03 4.792960e-03 4 4
1.031782e+14 2.565809e+00 3.570533e+00 1.704279e-02 3.584904e+00 -4.008787e-03 4.754044e-03 4 4
1.251520e+14 2.675472e+00 3.821204e+00 2.118070e-02 3.846187e+00 -6.495754e-03 5.506935e-03 4 4
1.543557e+14 2.802307e+00 4.180978e+00 2.521356e-02 4.159311e+00 5.209160e-03 6.061955e-03 4 4
1.939979e+14 2.950465e+00 4.498189e+00 3.030964e-02 4.537774e+00 -8.723469e-03 6.679408e-03 4 4
2.491226e+14 3.125524e+00 5.013404e+00 3.967363e-02 4.999465e+00 2.788077e-03 7.935574e-03 4 4
3.272350e+14 3.333470e+00 5.593129e+00 5.402839e-02 5.568354e+00 4.449214e-03 9.702757e-03 4 4
4.391005e+14 3.579891e+00 6.301509e+00 8.504747e-02 6.276855e+00 3.927731e-03 1.354937e-02 4 4
6.040322e+14 3.876538e+00 7.220028e+00 1.496869e-01 7.169143e+00 7.097791e-03 2.087933e-02 4 4
9.296442e+14 4.333879e+00 8.861484e+00 3.009377e-01 8.545082e+00 3.702749e-02 3.521765e-02 4 4
5.153660e+13 2.066451e+00 2.470765e+00 1.468699e-02 2.453069e+00 7.213908e-03 5.987192e-03 4 5
5.629051e+13 2.103694e+00 2.566036e+00 1.013350e-02 2.555479e+00 4.131017e-03 3.965399e-03 4 5
6.440881e+13 2.162462e+00 2.683353e+00 1.013851e-02 2.673461e+00 3.700031e-03 3.792280e-03 4 5
7.453396e+13 2.228862e+00 2.804848e+00 1.162602e-02 2.810043e+00 -1.848917e-03 4.137312e-03 4 5
8.735903e+13 2.304447e+00 2.962335e+00 1.263210e-02 2.968997e+00 -2.243933e-03 4.254668e-03 4 5
1.037879e+14 2.390712e+00 3.161004e+00 1.392280e-02 3.155051e+00 1.886619e-03 4.412860e-03 4 5
1.249909e+14 2.489035e+00 3.348167e+00 1.668305e-02 3.374194e+00 -7.713817e-03 4.944306e-03 4 5
1.527508e+14 2.601699e+00 3.642047e+00 1.854212e-02 3.634079e+00 2.192636e-03 5.102290e-03 4 5
1.900648e+14 2.732871e+00 3.896719e+00 2.284858e-02 3.944578e+00 -1.213286e-02 5.792401e-03 4 5
2.410491e+14 2.886322e+00 4.339553e+00 2.898837e-02 4.318553e+00 4.862622e-03 6.712519e-03 4 5
3.114595e+14 3.065691e+00 4.724675e+00 3.727960e-02 4.772939e+00 -1.011199e-02 7.810619e-03 4 5
4.112723e+14 3.278324e+00 5.375976e+00 5.419653e-02 5.330233e+00 8.581772e-03 1.016776e-02 4 5
5.556672e+14 3.532221e+00 5.984900e+00 8.256741e-02 6.020571e+00 -5.924841e-03 1.371421e-02 4 5
7.638234e+14 3.831036e+00 7.095353e+00 1.485407e-01 6.884597e+00 3.061270e-02 2.157579e-02 4 5
1.175468e+15 4.293634e+00 8.286139e+00 2.934849e-01 8.209426e+00 9.344525e-03 3.574975e-02 4 5
5.190495e+13 1.921168e+00 2.199143e+00 1.076784e-02 2.169631e+00 1.360210e-02 4.962980e-03 4 6
5.705618e+13 1.958360e+00 2.254645e+00 8.445764e-03 2.258236e+00 -1.590116e-03 3.739982e-03 4 6
6.520038e+13 2.012599e+00 2.371245e+00 9.020490e-03 2.359754e+00 4.869619e-03 3.822640e-03 4 6
7.530932e+13 2.073659e+00 2.469474e+00 9.712856e-03 2.476573e+00 -2.866414e-03 3.921894e-03 4 6
8.791994e+13 2.142257e+00 2.611465e+00 1.061473e-02 2.611630e+00 -6.323921e-05 4.064410e-03 4 6
1.040012e+14 2.220421e+00 2.758881e+00 1.146026e-02 2.768564e+00 -3.497461e-03 4.139422e-03 4 6
1.246591e+14 2.309378e+00 2.950480e+00 1.340600e-02 2.951928e+00 -4.907620e-04 4.541440e-03 4 6
1.514052e+14 2.410559e+00 3.151715e+00 1.480033e-02 3.167449e+00 -4.967326e-03 4.672634e-03 4 6
1.867586e+14 2.526994e+00 3.406733e+00 1.860832e-02 3.422404e+00 -4.579001e-03 5.437208e-03 4 6
2.342249e+14 2.661741e+00 3.711414e+00 2.195519e-02 3.726142e+00 -3.952629e-03 5.892205e-03 4 6
2.991841e+14 2.818998e+00 4.104785e+00 2.700410e-02 4.090749e+00 3.431038e-03 6.601261e-03 4 6
3.886023e+14 3.001692e+00 4.517763e+00 3.704963e-02 4.532023e+00 -3.146538e-03 8.175076e-03 4 6
5.154695e+14 3.218057e+00 4.988532e+00 4.812499e-02 5.070776e+00 -1.621915e-02 9.490657e-03 4 6
6.979548e+14 3.474787e+00 5.713061e+00 8.033112e-02 5.734638e+00 -3.762693e-03 1.400805e-02 4 6
9.641142e+14 3.780302e+00 6.664850e+00 1.456967e-01 6.560505e+00 1.590506e-02 2.220816e-02 4 6
1.480563e+15 4.245063e+00 7.642609e+00 2.816707e-01 7.821225e+00 -2.283736e-02 3.601363e-02 4 6
5.214010e+13 1.782159e+00 1.921404e+00 8.922341e-03 1.917778e+00 1.890666e-03 4.652436e-03 4 7
5.757014e+13 1.818320e+00 1.993089e+00 7.220953e-03 1.993931e+00 -4.219081e-04 3.621466e-03 4 7
6.570694e+13 1.868248e+00 2.085797e+00 7.678604e-03 2.080788e+00 2.407300e-03 3.690238e-03 4 7
7.583578e+13 1.924659e+00 2.184714e+00 8.208311e-03 2.180233e+00 2.055242e-03 3.764878e-03 4 7
8.845279e+13 1.987980e+00 2.282881e+00 8.620535e-03 2.294557e+00 -5.088343e-03 3.756950e-03 4 7
1.041830e+14 2.058654e+00 2.425414e+00 9.944148e-03 2.426565e+00 -4.742172e-04 4.098035e-03 4 7
1.242392e+14 2.138748e+00 2.559506e+00 1.030728e-02 2.579717e+00 -7.834889e-03 3.995506e-03 4 7
1.500593e+14 2.229665e+00 2.741357e+00 1.240291e-02 2.758314e+00 -6.147440e-03 4.496555e-03 4 7
1.838281e+14 2.333625e+00 2.961332e+00 1.365813e-02 2.967743e+00 -2.160285e-03 4.602194e-03 4 7
2.284505e+14 2.452677e+00 3.214878e+00 1.696648e-02 3.214814e+00 2.007418e-05 5.277592e-03 4 7
2.884561e+14 2.590146e+00 3.503941e+00 1.975562e-02 3.508203e+00 -1.214836e-03 5.631264e-03 4 7
3.702558e+14 2.749519e+00 3.857118e+00 2.605677e-02 3.859056e+00 -5.023214e-04 6.752108e-03 4 7
4.835826e+14 2.935458e+00 4.297607e+00 3.359194e-02 4.281828e+00 3.685210e-03 7.845233e-03 4 7
6.441686e+14 3.155003e+00 4.770869e+00 5.025637e-02 4.795398e+00 -5.115237e-03 1.048012e-02 4 7
8.730892e+14 3.413165e+00 5.436469e+00 8.134241e-02 5.424596e+00 2.188846e-03 1.499511e-02 4 7
1.212919e+15 3.725697e+00 6.258774e+00 1.333908e-01 6.202222e+00 9.118096e-03 2.150694e-02 4 7
1.866193e+15 4.196657e+00 7.457416e+00 2.727535e-01 7.384072e+00 9.932688e-03 3.693809e-02 4 7
5.237536e+13 1.652248e+00 1.709563e+00 7.463575e-03 1.699434e+00 5.960177e-03 4.391801e-03 4 8
5.820152e+13 1.687989e+00 1.767669e+00 6.457099e-03 1.764976e+00 1.525810e-03 3.658462e-03 4 8
6.647566e+13 1.734645e+00 1.845282e+00 6.760572e-03 1.839437e+00 3.177750e-03 3.675349e-03 4 8
7.660443e+13 1.786500e+00 1.927056e+00 6.965638e-03 1.924303e+00 1.430403e-03 3.619823e-03 4 8
8.910302e+13 1.844252e+00 2.020964e+00 7.782552e-03 2.021363e+00 -1.975715e-04 3.850150e-03 4 8
1.047215e+14 1.908970e+00 2.131640e+00 8.180800e-03 2.132780e+00 -5.349532e-04 3.835744e-03 4 8
1.245444e+14 1.982105e+00 2.252363e+00 9.076325e-03 2.261191e+00 -3.903950e-03 4.013958e-03 4 8
1.497016e+14 2.064160e+00 2.384902e+00 1.006775e-02 2.409827e+00 -1.034290e-02 4.177789e-03 4 8
1.822582e+14 2.157354e+00 2.574571e+00 1.182485e-02 2.582675e+00 -3.137856e-03 4.578528e-03 4 8
2.249221e+14 2.263665e+00 2.783234e+00 1.374373e-02 2.784701e+00 -5.267511e-04 4.935442e-03 4 8
2.812843e+14 2.384936e+00 3.029419e+00 1.565280e-02 3.022135e+00 2.410291e-03 5.179383e-03 4 8
3.569228e+14 2.524313e+00 3.297134e+00 1.934946e-02 3.302846e+00 -1.729346e-03 5.858420e-03 4 8
4.607124e+14 2.686586e+00 3.661496e+00 2.403990e-02 3.636870e+00 6.771077e-03 6.610053e-03 4 8
6.048509e+14 2.875950e+00 4.060507e+00 3.082307e-02 4.037100e+00 5.798131e-03 7.634953e-03 4 8
8.069547e+14 3.097054e+00 4.573132e+00 4.884829e-02 4.520208e+00 1.170824e-02 1.080665e-02 4 8
1.096201e+15 3.358186e+00 5.085660e+00 7.386840e-02 5.107886e+00 -4.351212e-03 1.446164e-02 4 8
1.528648e+15 3.676527e+00 5.820383e+00 1.261803e-01 5.828443e+00 -1.382867e-03 2.164906e-02 4 8
2.366634e+15 4.159632e+00 7.136286e+00 2.576054e-01 6.915260e+00 3.196218e-02 3.725174e-02 4 8
5.166025e+13 1.566343e+00 1.581856e+00 8.653682e-03 1.553315e+00 1.837416e-02 5.571107e-03 4 9
5.645437e+13 1.594745e+00 1.619561e+00 5.963561e-03 1.610489e+00 5.632712e-03 3.702950e-03 4 9
6.422070e+13 1.637341e+00 1.685543e+00 6.316211e-03 1.675215e+00 6.164967e-03 3.770389e-03 4 9
7.372885e+13 1.684814e+00 1.759192e+00 6.365941e-03 1.748688e+00 6.006430e-03 3.640409e-03 4 9
8.549065e+13 1.737937e+00 1.837069e+00 6.461094e-03 1.832336e+00 2.583374e-03 3.526152e-03 4 9
1.000105e+14 1.796900e+00 1.934060e+00 7.294211e-03 1.927865e+00 3.213576e-03 3.783570e-03 4 9
1.180945e+14 1.862545e+00 2.029469e+00 7.836740e-03 2.037331e+00 -3.858732e-03 3.846573e-03 4 9
1.410440e+14 1.936523e+00 2.148598e+00 9.239973e-03 2.163230e+00 -6.764151e-03 4.271378e-03 4 9
1.704190e+14 2.020006e+00 2.306371e+00 9.989052e-03 2.308599e+00 -9.652280e-04 4.326889e-03 4 9
2.084600e+14 2.114618e+00 2.477031e+00 1.130241e-02 2.477170e+00 -5.601963e-05 4.562628e-03 4 9
2.583117e+14 2.222295e+00 2.677770e+00 1.275089e-02 2.673567e+00 1.572051e-03 4.769242e-03 4 9
3.246913e+14 2.345800e+00 2.906066e+00 1.471054e-02 2.903549e+00 8.669985e-04 5.066401e-03 4 9
4.133780e+14 2.486829e+00 3.196087e+00 1.894042e-02 3.174357e+00 6.845438e-03 5.966695e-03 4 9
5.352487e+14 2.651057e+00 3.528586e+00 2.399409e-02 3.495154e+00 9.565138e-03 6.864957e-03 4 9
7.046235e+14 2.842662e+00 3.897462e+00 3.141389e-02 3.877633e+00 5.113733e-03 8.101305e-03 4 9
9.432358e+14 3.067231e+00 4.471870e+00 4.637683e-02 4.336799e+00 3.114521e-02 1.069379e-02 4 9
1.283244e+15 3.331207e+00 5.002345e+00 7.792682e-02 4.892002e+00 2.255563e-02 1.592943e-02 4 9
1.777877e+15 3.645289e+00 5.624139e+00 1.200337e-01 5.568253e+00 1.003663e-02 2.155680e-02 4 9
2.771656e+15 4.140012e+00 6.860895e+00 2.528913e-01 6.579849e+00 4.271315e-02 3.843421e-02 4 9
5.025945e+13 3.834831e+00 8.218526e+00 2.145552e-01 7.747005e+00 6.086489e-02 2.769524e-02 5 1
5.578638e+13 3.915466e+00 8.147953e+00 1.354594e-01 8.173648e+00 -3.143701e-03 1.657270e-02 5 1
6.841530e+13 4.080455e+00 8.811944e+00 1.638947e-01 8.806697e+00 5.957790e-04 1.861024e-02 5 1
9.066497e+13 4.325089e+00 1.007351e+01 2.483835e-01 9.763799e+00 3.172051e-02 2.543923e-02 5 1
1.371712e+14 4.724811e+00 1.134715e+01 4.835110e-01 1.143815e+01 -7.955647e-03 4.227179e-02 5 1
5.108183e+13 2.657591e+00 3.910254e+00 2.601664e-02 3.914261e+00 -1.023632e-03 6.646627e-03 5 2
5.704185e+13 2.716839e+00 4.094316e+00 2.178668e-02 4.098533e+00 -1.028731e-03 5.315728e-03 5 2
6.615573e+13 2.799479e+00 4.287297e+00 2.459454e-02 4.317876e+00 -7.081872e-03 5.695982e-03 5 2
7.787444e+13 2.894671e+00 4.559822e+00 2.821298e-02 4.580875e+00 -4.595774e-03 6.158862e-03 5 2
9.347972e+13 3.006917e+00 4.856508e+00 3.233247e-02 4.898801e+00 -8.633256e-03 6.600077e-03 5 2
1.148500e+14 3.141089e+00 5.308521e+00 3.811034e-02 5.286656e+00 4.136002e-03 7.208781e-03 5 2
1.444313e+14 3.300737e+00 5.739196e+00 5.140503e-02 5.764650e+00 -4.415686e-03 8.917284e-03 5 2
1.867856e+14 3.493973e+00 6.304613e+00 6.719583e-02 6.360370e+00 -8.766311e-03 1.056477e-02 5 2
2.476550e+14 3.724859e+00 7.157782e+00 9.891098e-02 7.111956e+00 6.443434e-03 1.390770e-02 5 2
3.405466e+14 4.012196e+00 8.109649e+00 1.781120e-01 8.072682e+00 4.579240e-03 2.206354e-02 5 2
5.108762e+14 4.424810e+00 9.348113e+00 3.199729e-01 9.574999e+00 -2.369564e-02 3.341754e-02 5 2
5.119228e+13 2.489172e+00 3.496913e+00 1.986878e-02 3.473110e+00 6.853444e-03 5.720746e-03 5 3
5.719992e+13 2.544987e+00 3.598469e+00 1.670896e-02 3.633640e+00 -9.679087e-03 4.598407e-03 5 3
6.605415e+13 2.620123e+00 3.806944e+00 1.872384e-02 3.822552e+00 -4.083232e-03 4.898256e-03 5 3
7.748226e+13 2.707239e+00 4.030180e+00 2.060121e-02 4.046309e+00 -3.986153e-03 5.091357e-03 5 3
9.242789e+13 2.808472e+00 4.286042e+00 2.406176e-02 4.313248e+00 -6.307529e-03 5.578571e-03 5 3
1.123160e+14 2.926771e+00 4.627253e+00 2.850600e-02 4.634248e+00 -1.509349e-03 6.151161e-03 5 3
1.390955e+14 3.064949e+00 5.033162e+00 3.529763e-02 5.023673e+00 1.888741e-03 7.026260e-03 5 3
1.766628e+14 3.230695e+00 5.482417e+00 4.589905e-02 5.500729e+00 -3.328962e-03 8.344176e-03 5 3
2.298669e+14 3.428274e+00 6.121936e+00 6.264987e-02 6.091390e+00 5.014592e-03 1.028499e-02 5 3
3.070439e+14 3.665757e+00 6.805386e+00 9.248851e-02 6.831167e+00 -3.774052e-03 1.353920e-02 5 3
4.223265e+14 3.954764e+00 7.833280e+00 1.554096e-01 7.769080e+00 8.263439e-03 2.000360e-02 5 3
6.313126e+14 4.366311e+00 8.677276e+00 2.938839e-01 9.228841e+00 -5.976537e-02 3.184408e-02 5 3
5.119729e+13 2.323808e+00 3.070264e+00 1.565182e-02 3.066946e+00 1.082043e-03 5.103391e-03 5 4
5.720940e+13 2.375947e+00 3.187733e+00 1.408517e-02 3.205588e+00 -5.570142e-03 4.393942e-03 5 4
6.597446e+13 2.445410e+00 3.353166e+00 1.498640e-02 3.367248e+00 -4.182227e-03 4.450636e-03 5 4
7.698979e+13 2.524014e+00 3.540458e+00 1.690156e-02 3.556836e+00 -4.604538e-03 4.751852e-03 5 4
9.121647e+13 2.614600e+00 3.744116e+00 1.952924e-02 3.780593e+00 -9.648349e-03 5.165656e-03 5 4
1.098160e+14 2.719188e+00 4.032246e+00 2.098312e-02 4.046536e+00 -3.531269e-03 5.185453e-03 5 4
1.349203e+14 2.842369e+00 4.343115e+00 2.571316e-02 4.365061e+00 -5.027645e-03 5.890676e-03 5 4
1.687427e+14 2.985418e+00 4.750356e+00 3.320087e-02 4.749807e+00 1.154476e-04 6.989940e-03 5 4
2.158806e+14 3.155059e+00 5.217766e+00 4.092128e-02 5.218874e+00 -2.123755e-04 7.841017e-03 5 4
2.825851e+14 3.356438e+00 5.803609e+00 5.842733e-02 5.796530e+00 1.221161e-03 1.007971e-02 5 4
3.797887e+14 3.598919e+00 6.471694e+00 9.061396e-02 6.515657e+00 -6.747289e-03 1.390711e-02 5 4
5.236700e+14 3.890958e+00 7.422198e+00 1.553912e-01 7.421173e+00 1.381099e-04 2.093891e-02 5 4
7.861389e+14 4.309267e+00 8.595135e+00 3.013761e-01 8.828025e+00 -2.638074e-02 3.413857e-02 5 4
5.155248e+13 2.166561e+00 2.706120e+00 1.190797e-02 2.709535e+00 -1.260335e-03 4.394838e-03 5 5
5.784511e+13 2.217046e+00 2.825768e+00 1.178896e-02 2.830008e+00 -1.498369e-03 4.165698e-03 5 5
6.648064e+13 2.280347e+00 2.949706e+00 1.223861e-02 2.969384e+00 -6.626958e-03 4.121600e-03 5 5
7.743209e+13 2.352766e+00 3.122490e+00 1.347866e-02 3.131462e+00 -2.865107e-03 4.304270e-03 5 5
9.137332e+13 2.435203e+00 3.304614e+00 1.503220e-02 3.321003e+00 -4.934777e-03 4.526403e-03 5 5
1.095585e+14 2.530436e+00 3.506347e+00 1.679171e-02 3.544030e+00 -1.063292e-02 4.738027e-03 5 5
1.333030e+14 2.639470e+00 3.789199e+00 1.955407e-02 3.808232e+00 -4.997922e-03 5.134685e-03 5 5
1.651293e+14 2.766277e+00 4.116012e+00 2.405003e-02 4.123526e+00 -1.822201e-03 5.832395e-03 5 5
2.082762e+14 2.913752e+00 4.506429e+00 3.027226e-02 4.502836e+00 7.980177e-04 6.722931e-03 5 5
2.684528e+14 3.088017e+00 4.996032e+00 3.939749e-02 4.963168e+00 6.621621e-03 7.937973e-03 5 5
3.524351e+14 3.291596e+00 5.600511e+00 5.545813e-02 5.527149e+00 1.327309e-02 1.003377e-02 5 5
4.751956e+14 3.537334e+00 6.199519e+00 8.509249e-02 6.225130e+00 -4.114138e-03 1.366919e-02 5 5
6.550858e+14 3.830540e+00 7.202956e+00 1.468880e-01 7.098149e+00 1.476540e-02 2.069385e-02 5 5
9.830044e+14 4.251140e+00 8.425493e+00 2.817825e-01 8.448681e+00 -2.744607e-03 3.335225e-02 5 5
5.189503e+13 2.015262e+00 2.406468e+00 9.413332e-03 2.391418e+00 6.293142e-03 3.936297e-03 5 6
5.870621e+13 2.065636e+00 2.476945e+00 9.652472e-03 2.495821e+00 -7.562966e-03 3.867453e-03 5 6
6.736385e+13 2.124010e+00 2.607571e+00 1.034646e-02 2.615819e+00 -3.153102e-03 3.955341e-03 5 6
7.818948e+13 2.189979e+00 2.735653e+00 1.130348e-02 2.754371e+00 -6.795849e-03 4.103834e-03 5 6
9.205920e+13 2.265709e+00 2.898985e+00 1.234925e-02 2.915146e+00 -5.543782e-03 4.236238e-03 5 6
1.097729e+14 2.351605e+00 3.063741e+00 1.385094e-02 3.102711e+00 -1.255979e-02 4.464141e-03 5 6
1.327482e+14 2.449693e+00 3.298309e+00 1.590563e-02 3.322817e+00 -7.375609e-03 4.786792e-03 5 6
1.630751e+14 2.562601e+00 3.583417e+00 1.849336e-02 3.582777e+00 1.786086e-04 5.161738e-03 5 6
2.036739e+14 2.693072e+00 3.872429e+00 2.240521e-02 3.891947e+00 -5.014915e-03 5.756813e-03 5 6
2.587437e+14 2.844258e+00 4.269679e+00 2.754378e-02 4.262442e+00 1.697951e-03 6.461972e-03 5 6
3.355810e+14 3.022389e+00 4.738408e+00 3.814554e-02 4.710085e+00 6.013156e-03 8.098694e-03 5 6
4.434249e+14 3.231063e+00 5.263260e+00 5.399342e-02 5.255737e+00 1.431392e-03 1.027324e-02 5 6
5.986467e+14 3.478857e+00 5.914711e+00 8.114668e-02 5.927132e+00 -2.095617e-03 1.369072e-02 5 6
8.270106e+14 3.775870e+00 6.925961e+00 1.378456e-01 6.761363e+00 2.434391e-02 2.038725e-02 5 6
1.256322e+15 4.214023e+00 7.736732e+00 2.837429e-01 8.045542e+00 -3.838267e-02 3.526710e-02 5 6
5.212212e+13 1.870782e+00 2.117219e+00 7.844033e-03 2.107708e+00 4.512697e-03 3.721594e-03 5 7
5.920416e+13 1.919140e+00 2.196674e+00 8.424173e-03 2.197515e+00 -3.827678e-04 3.833499e-03 5 7
6.798154e+13 1.973691e+00 2.294644e+00 8.552584e-03 2.300173e+00 -2.403694e-03 3.718236e-03 5 7
7.884740e+13 2.034728e+00 2.417730e+00 9.482641e-03 2.417989e+00 -1.070850e-04 3.921706e-03 5 7
9.243584e+13 2.103247e+00 2.543163e+00 9.836657e-03 2.553784e+00 -4.158711e-03 3.851797e-03 5 7
1.098299e+14 2.181356e+00 2.685041e+00 1.119092e-02 2.711035e+00 -9.588227e-03 4.127914e-03 5 7
1.320587e+14 2.269527e+00 2.876125e+00 1.264027e-02 2.894057e+00 -6.196058e-03 4.367665e-03 5 7
1.609165e+14 2.369826e+00 3.096295e+00 1.415930e-02 3.108243e+00 -3.844254e-03 4.555402e-03 5 7
1.992471e+14 2.485481e+00 3.331731e+00 1.728221e-02 3.360408e+00 -8.533775e-03 5.142891e-03 5 7
2.509366e+14 2.619490e+00 3.659993e+00 2.124087e-02 3.659213e+00 2.132287e-04 5.804763e-03 5 7
3.207736e+14 2.773574e+00 4.026475e+00 2.804542e-02 4.015801e+00 2.658060e-03 6.983767e-03 5 7
4.176362e+14 2.953663e+00 4.486603e+00 3.593333e-02 4.444605e+00 9.449284e-03 8.084707e-03 5 7
5.556199e+14 3.167313e+00 4.975548e+00 4.977947e-02 4.964486e+00 2.228241e-03 1.002711e-02 5 7
7.521923e+14 3.418044e+00 5.717697e+00 7.775710e-02 5.600280e+00 2.096643e-02 1.388450e-02 5 7
1.042080e+15 3.719267e+00 6.492263e+00 1.292302e-01 6.384850e+00 1.682315e-02 2.024014e-02 5 7
1.605679e+15 4.177151e+00 7.505040e+00 2.694196e-01 7.587132e+00 -1.081995e-02 3.551008e-02 5 7
4.943602e+13 1.716255e+00 1.856770e+00 1.920693e-02 1.795064e+00 3.437531e-02 1.069985e-02 5 8
5.297331e+13 1.740002e+00 1.867653e+00 6.859756e-03 1.863490e+00 2.233815e-03 3.681133e-03 5 8
6.019684e+13 1.785201e+00 1.950146e+00 7.246052e-03 1.941073e+00 4.674067e-03 3.733013e-03 5 8
6.898286e+13 1.835270e+00 2.030931e+00 7.834393e-03 2.029317e+00 7.950733e-04 3.860605e-03 5 8
7.996104e+13 1.891869e+00 2.128622e+00 8.018956e-03 2.130027e+00 -6.598416e-04 3.764720e-03 5 8
9.360870e+13 1.955078e+00 2.247274e+00 8.317171e-03 2.245382e+00 8.427456e-04 3.704123e-03 5 8
1.107489e+14 2.025921e+00 2.383814e+00 9.276948e-03 2.378031e+00 2.431818e-03 3.901105e-03 5 8
1.326618e+14 2.106147e+00 2.524007e+00 1.026140e-02 2.531220e+00 -2.849679e-03 4.053935e-03 5 8
1.609168e+14 2.197054e+00 2.697815e+00 1.210866e-02 2.708947e+00 -4.109449e-03 4.469879e-03 5 8
1.978220e+14 2.300556e+00 2.918154e+00 1.390539e-02 2.916179e+00 6.772282e-04 4.768360e-03 5 8
2.466926e+14 2.419009e+00 3.142069e+00 1.604359e-02 3.159144e+00 -5.404958e-03 5.078463e-03 5 8
3.123479e+14 2.555321e+00 3.468267e+00 1.981791e-02 3.445702e+00 6.548621e-03 5.751486e-03 5 8
4.019962e+14 2.713260e+00 3.841868e+00 2.718621e-02 3.785873e+00 1.479058e-02 7.180964e-03 5 8
5.264836e+14 2.897544e+00 4.281863e+00 3.550127e-02 4.192521e+00 2.130969e-02 8.467761e-03 5 8
7.018788e+14 3.113553e+00 4.769162e+00 4.845981e-02 4.682291e+00 1.855300e-02 1.034959e-02 5 8
9.562162e+14 3.371290e+00 5.399257e+00 7.616095e-02 5.276852e+00 2.319648e-02 1.443303e-02 5 8
1.318268e+15 3.670673e+00 6.145341e+00 1.286084e-01 6.004536e+00 2.344973e-02 2.141854e-02 5 8
2.019308e+15 4.126535e+00 7.238470e+00 2.472818e-01 7.109705e+00 1.811117e-02 3.478088e-02 5 8
5.157122e+13 1.646407e+00 1.724483e+00 6.807965e-03 1.692964e+00 1.861723e-02 4.021327e-03 5 9
5.776091e+13 1.684156e+00 1.781862e+00 6.459635e-03 1.760032e+00 1.240284e-02 3.670180e-03 5 9
6.594462e+13 1.729896e+00 1.838873e+00 6.899742e-03 1.835998e+00 1.566192e-03 3.758034e-03 5 9
7.607859e+13 1.781286e+00 1.927449e+00 7.388571e-03 1.922291e+00 2.683360e-03 3.843628e-03 5 9
8.863949e+13 1.838690e+00 2.035909e+00 7.722046e-03 2.020619e+00 7.566809e-03 3.821624e-03 5 9
1.042275e+14 1.902496e+00 2.130508e+00 8.168415e-03 2.133033e+00 -1.183670e-03 3.829483e-03 5 9
1.239130e+14 1.974197e+00 2.266717e+00 8.954176e-03 2.262018e+00 2.077280e-03 3.958490e-03 5 9
1.491757e+14 2.055460e+00 2.409646e+00 9.877188e-03 2.410600e+00 -3.957449e-04 4.097398e-03 5 9
1.817193e+14 2.147208e+00 2.572597e+00 1.161312e-02 2.582488e+00 -3.829987e-03 4.496873e-03 5 9
2.243259e+14 2.251666e+00 2.796983e+00 1.333697e-02 2.782267e+00 5.289136e-03 4.793560e-03 5 9
2.807666e+14 2.371015e+00 2.993886e+00 1.557550e-02 3.015652e+00 -7.217653e-03 5.164886e-03 5 9
3.567825e+14 2.508457e+00 3.326203e+00 2.012100e-02 3.289817e+00 1.106013e-02 6.116144e-03 5 9
4.606156e+14 2.667528e+00 3.706777e+00 2.577381e-02 3.613846e+00 2.571531e-02 7.131961e-03 5 9
6.051917e+14 2.853403e+00 4.112690e+00 3.272560e-02 3.999323e+00 2.834644e-02 8.182785e-03 5 9
8.074136e+14 3.069630e+00 4.558064e+00 4.653252e-02 4.461130e+00 2.172868e-02 1.043066e-02 5 9
1.098306e+15 3.325904e+00 5.188971e+00 7.457966e-02 5.018481e+00 3.397246e-02 1.486100e-02 5 9
1.517409e+15 3.627443e+00 6.062852e+00 1.267645e-01 5.696282e+00 6.435250e-02 2.225391e-02 5 9
2.335872e+15 4.090074e+00 7.065378e+00 2.407965e-01 6.720589e+00 5.130331e-02 3.582967e-02 5 9
5.647147e+13 3.793857e+00 7.906749e+00 3.218803e-01 7.554718e+00 4.659757e-02 4.260652e-02 6 1
6.168165e+13 3.864103e+00 7.897484e+00 1.355745e-01 7.960048e+00 -7.859811e-03 1.703186e-02 6 1
7.533786e+13 4.030343e+00 8.517314e+00 1.564481e-01 8.573018e+00 -6.497576e-03 1.824890e-02 6 1
9.885296e+13 4.272942e+00 9.722090e+00 2.388446e-01 9.517611e+00 2.148418e-02 2.509501e-02 6 1
1.500736e+14 4.688014e+00 1.096269e+01 5.294399e-01 1.117321e+01 -1.884179e-02 4.738475e-02 6 1
5.648196e+13 2.606748e+00 3.916240e+00 4.908182e-02 3.861095e+00 1.428221e-02 1.271189e-02 6 2
6.074558e+13 2.646457e+00 4.033968e+00 2.203393e-02 4.035596e+00 -4.033758e-04 5.459896e-03 6 2
6.983054e+13 2.724964e+00 4.242639e+00 2.242340e-02 4.244408e+00 -4.168198e-04 5.283046e-03 6 2
8.181594e+13 2.818289e+00 4.508922e+00 2.792917e-02 4.496169e+00 2.836284e-03 6.211770e-03 6 2
9.761364e+13 2.927759e+00 4.766020e+00 3.056763e-02 4.802306e+00 -7.555939e-03 6.365197e-03 6 2
1.191914e+14 3.059011e+00 5.159152e+00 3.768835e-02 5.178118e+00 -3.662719e-03 7.278388e-03 6 2
1.491152e+14 3.216329e+00 5.581874e+00 4.690406e-02 5.644393e+00 -1.107636e-02 8.309850e-03 6 2
1.913147e+14 3.405057e+00 6.209628e+00 6.468575e-02 6.229773e+00 -3.233759e-03 1.038332e-02 6 2
2.539747e+14 3.638981e+00 7.029903e+00 1.029494e-01 6.974168e+00 7.991541e-03 1.476153e-02 6 2
3.477428e+14 3.925395e+00 7.825532e+00 1.748873e-01 7.933815e+00 -1.364833e-02 2.204328e-02 6 2
5.268299e+14 4.353990e+00 9.203604e+00 3.440420e-01 9.423434e+00 -2.332801e-02 3.650919e-02 6 2
5.634225e+13 2.435128e+00 3.436922e+00 4.559426e-02 3.431394e+00 1.611113e-03 1.328739e-02 6 3
6.046247e+13 2.471084e+00 3.557451e+00 1.822092e-02 3.583054e+00 -7.145492e-03 5.085304e-03 6 3
6.933377e+13 2.543033e+00 3.748648e+00 1.816463e-02 3.762370e+00 -3.647041e-03 4.827975e-03 6 3
8.076134e+13 2.626789e+00 3.985903e+00 1.993062e-02 3.975811e+00 2.538313e-03 5.012970e-03 6 3
9.569340e+13 2.724614e+00 4.233750e+00 2.383966e-02 4.231773e+00 4.670115e-04 5.633492e-03 6 3
1.153642e+14 2.838509e+00 4.560591e+00 2.773298e-02 4.541295e+00 4.249016e-03 6.106844e-03 6 3
1.423101e+14 2.974589e+00 4.903513e+00 3.306969e-02 4.919047e+00 -3.158001e-03 6.722784e-03 6 3
1.797775e+14 3.137151e+00 5.334796e+00 4.460970e-02 5.384788e+00 -9.283981e-03 8.284393e-03 6 3
2.327915e+14 3.331764e+00 5.932468e+00 5.999043e-02 5.965477e+00 -5.533277e-03 1.005627e-02 6 3
3.105851e+14 3.569314e+00 6.741275e+00 9.171846e-02 6.698271e+00 6.420084e-03 1.369286e-02 6 3
4.258473e+14 3.857104e+00 7.361126e+00 1.631869e-01 7.634892e+00 -3.585723e-02 2.137384e-02 6 3
6.465508e+14 4.289119e+00 8.902054e+00 3.095723e-01 9.081872e+00 -1.979967e-02 3.408684e-02 6 3
5.648501e+13 2.269690e+00 3.097089e+00 3.253149e-02 3.047519e+00 1.626586e-02 1.067475e-02 6 4
6.075464e+13 2.304310e+00 3.170937e+00 1.352645e-02 3.180197e+00 -2.911884e-03 4.253337e-03 6 4
6.962198e+13 2.371097e+00 3.314114e+00 1.447366e-02 3.335499e+00 -6.411228e-03 4.339280e-03 6 4
8.085097e+13 2.447628e+00 3.531385e+00 1.601647e-02 3.518372e+00 3.698458e-03 4.552238e-03 6 4
9.517826e+13 2.535205e+00 3.732538e+00 1.801238e-02 3.735136e+00 -6.956169e-04 4.822417e-03 6 4
1.140930e+14 2.637818e+00 4.010916e+00 2.152978e-02 3.993958e+00 4.245772e-03 5.390586e-03 6 4
1.392133e+14 2.757364e+00 4.326708e+00 2.516934e-02 4.305494e+00 4.927185e-03 5.845865e-03 6 4
1.735952e+14 2.899083e+00 4.674738e+00 3.121372e-02 4.683803e+00 -1.935299e-03 6.664182e-03 6 4
2.211757e+14 3.066650e+00 5.058719e+00 4.141204e-02 5.147678e+00 -1.728140e-02 8.044801e-03 6 4
2.888135e+14 3.267281e+00 5.763807e+00 5.573321e-02 5.722479e+00 7.222082e-03 9.739346e-03 6 4
3.853775e+14 3.505229e+00 6.346686e+00 9.146261e-02 6.442812e+00 -1.491988e-02 1.419607e-02 6 4
5.289732e+14 3.794882e+00 7.168017e+00 1.498898e-01 7.356267e+00 -2.559051e-02 2.037580e-02 6 4
8.039197e+14 4.230229e+00 8.609977e+00 3.096250e-01 8.758417e+00 -1.694818e-02 3.535171e-02 6 4
5.661961e+13 2.108653e+00 2.744071e+00 2.378300e-02 2.695078e+00 1.817867e-02 8.824607e-03 6 5
6.091211e+13 2.140917e+00 2.815870e+00 1.154767e-02 2.809977e+00 2.097340e-03 4.109525e-03 6 5
6.951153e+13 2.201042e+00 2.928467e+00 1.217129e-02 2.943379e+00 -5.066326e-03 4.135143e-03 6 5
8.046644e+13 2.270530e+00 3.083415e+00 1.349171e-02 3.099093e+00 -5.058931e-03 4.353438e-03 6 5
9.445334e+13 2.350266e+00 3.269201e+00 1.412064e-02 3.281923e+00 -3.876473e-03 4.302550e-03 6 5
1.125454e+14 2.442086e+00 3.508149e+00 1.660182e-02 3.497973e+00 2.909016e-03 4.746127e-03 6 5
1.361360e+14 2.547644e+00 3.759138e+00 1.942302e-02 3.755079e+00 1.080899e-03 5.172466e-03 6 5
1.678512e+14 2.671396e+00 4.096158e+00 2.324608e-02 4.063408e+00 8.059536e-03 5.720833e-03 6 5
2.109958e+14 2.816429e+00 4.416689e+00 2.950688e-02 4.436294e+00 -4.419245e-03 6.651244e-03 6 5
2.706170e+14 2.987002e+00 4.865915e+00 3.709121e-02 4.891404e+00 -5.211047e-03 7.582936e-03 6 5
3.550842e+14 3.190010e+00 5.496090e+00 5.587943e-02 5.452380e+00 8.016709e-03 1.024863e-02 6 5
4.765720e+14 3.432040e+00 6.112515e+00 8.262440e-02 6.151159e+00 -6.282421e-03 1.343233e-02 6 5
6.556112e+14 3.723723e+00 6.863322e+00 1.475160e-01 7.031176e+00 -2.387280e-02 2.098028e-02 6 5
1.003792e+15 4.168406e+00 8.260937e+00 2.803083e-01 8.376571e+00 -1.380440e-02 3.346337e-02 6 5
5.661840e+13 1.952383e+00 2.420273e+00 1.971137e-02 2.379916e+00 1.695740e-02 8.282384e-03 6 6
6.106101e+13 1.983274e+00 2.462997e+00 9.416897e-03 2.479124e+00 -6.504738e-03 3.798478e-03 6 6
6.981602e+13 2.039815e+00 2.596784e+00 9.917060e-03 2.593533e+00 1.253311e-03 3.823764e-03 6 6
8.066467e+13 2.103379e+00 2.716365e+00 1.085963e-02 2.726105e+00 -3.572689e-03 3.983570e-03 6 6
9.423055e+13 2.174986e+00 2.870247e+00 1.142917e-02 2.880520e+00 -3.566447e-03 3.967743e-03 6 6
1.116464e+14 2.257124e+00 3.045082e+00 1.356661e-02 3.061395e+00 -5.328580e-03 4.431512e-03 6 6
1.342790e+14 2.351600e+00 3.275772e+00 1.461893e-02 3.274560e+00 3.698282e-04 4.464393e-03 6 6
1.639439e+14 2.460160e+00 3.532083e+00 1.785879e-02 3.527476e+00 1.306240e-03 5.062767e-03 6 6
2.037409e+14 2.586528e+00 3.795469e+00 2.075618e-02 3.829751e+00 -8.951479e-03 5.419721e-03 6 6
2.576018e+14 2.733334e+00 4.216382e+00 2.631094e-02 4.193882e+00 5.365014e-03 6.273648e-03 6 6
3.331825e+14 2.908013e+00 4.624006e+00 3.378268e-02 4.636309e+00 -2.653612e-03 7.286546e-03 6 6
4.392321e+14 3.113295e+00 5.147027e+00 4.903596e-02 5.178840e+00 -6.142862e-03 9.468521e-03 6 6
5.919098e+14 3.357926e+00 5.829891e+00 7.789484e-02 5.850636e+00 -3.545716e-03 1.331391e-02 6 6
8.150925e+14 3.650371e+00 6.521421e+00 1.273603e-01 6.690921e+00 -2.533282e-02 1.903480e-02 6 6
1.251970e+15 4.099428e+00 7.778017e+00 2.726499e-01 7.969773e+00 -2.406045e-02 3.421050e-02 6 6
5.703136e+13 1.806288e+00 2.143701e+00 1.399489e-02 2.104504e+00 1.862543e-02 6.649970e-03 6 7
6.191222e+13 1.837407e+00 2.184591e+00 8.446270e-03 2.190468e+00 -2.683011e-03 3.855920e-03 6 7
7.053137e+13 1.888398e+00 2.283751e+00 8.765838e-03 2.289040e+00 -2.310397e-03 3.829482e-03 6 7
8.123246e+13 1.945974e+00 2.396358e+00 9.022149e-03 2.402542e+00 -2.573705e-03 3.755252e-03 6 7
9.481425e+13 2.011899e+00 2.528124e+00 9.668074e-03 2.533825e+00 -2.249803e-03 3.815604e-03 6 7
1.120059e+14 2.086560e+00 2.683050e+00 1.087508e-02 2.686424e+00 -1.255803e-03 4.048161e-03 6 7
1.339828e+14 2.171283e+00 2.864960e+00 1.195205e-02 2.864740e+00 7.694353e-05 4.172124e-03 6 7
1.625352e+14 2.268174e+00 3.077534e+00 1.383723e-02 3.074298e+00 1.052798e-03 4.500940e-03 6 7
2.001971e+14 2.379647e+00 3.298700e+00 1.580724e-02 3.322119e+00 -7.049559e-03 4.758179e-03 6 7
2.507643e+14 2.508906e+00 3.613972e+00 1.933451e-02 3.617187e+00 -8.890681e-04 5.345178e-03 6 7
3.193842e+14 2.658869e+00 3.981037e+00 2.651006e-02 3.971091e+00 2.504779e-03 6.675764e-03 6 7
4.147631e+14 2.835178e+00 4.435020e+00 3.315998e-02 4.398941e+00 8.201667e-03 7.538172e-03 6 7
5.500820e+14 3.044273e+00 4.957443e+00 4.727504e-02 4.920589e+00 7.489715e-03 9.607599e-03 6 7
7.434650e+14 3.291299e+00 5.519613e+00 7.057318e-02 5.562281e+00 -7.670970e-03 1.268781e-02 6 7
1.024691e+15 3.585251e+00 6.281739e+00 1.197365e-01 6.358919e+00 -1.213739e-02 1.882970e-02 6 7
1.554376e+15 4.022273e+00 7.505196e+00 2.684716e-01 7.561514e+00 -7.447932e-03 3.550500e-02 6 7
5.744000e+13 1.669028e+00 1.905679e+00 1.025910e-02 1.864040e+00 2.233794e-02 5.503692e-03 6 8
6.275875e+13 1.700088e+00 1.939115e+00 7.198551e-03 1.938705e+00 2.114871e-04 3.713071e-03 6 8
7.151820e+13 1.747443e+00 2.016535e+00 7.694508e-03 2.023895e+00 -3.636696e-03 3.801832e-03 6 8
8.236930e+13 1.800791e+00 2.102628e+00 7.856183e-03 2.121440e+00 -8.867820e-03 3.703231e-03 6 8
9.598012e+13 1.861198e+00 2.225470e+00 8.302143e-03 2.233559e+00 -3.621505e-03 3.717002e-03 6 8
1.130421e+14 1.929063e+00 2.328621e+00 9.281855e-03 2.362964e+00 -1.453377e-02 3.928056e-03 6 8
1.346144e+14 2.005432e+00 2.504350e+00 1.015296e-02 2.512989e+00 -3.437573e-03 4.040195e-03 6 8
1.624748e+14 2.092539e+00 2.672174e+00 1.107824e-02 2.687754e+00 -5.796898e-03 4.121745e-03 6 8
1.986205e+14 2.191536e+00 2.884471e+00 1.277030e-02 2.892406e+00 -2.743193e-03 4.415112e-03 6 8
2.466697e+14 2.305805e+00 3.101850e+00 1.578297e-02 3.133425e+00 -1.007684e-02 5.036971e-03 6 8
3.111034e+14 2.437615e+00 3.415050e+00 1.935426e-02 3.419033e+00 -1.165095e-03 5.660740e-03 6 8
3.989633e+14 2.590758e+00 3.752375e+00 2.304705e-02 3.759746e+00 -1.960515e-03 6.129949e-03 6 8
5.205530e+14 2.769584e+00 4.209952e+00 3.217003e-02 4.169130e+00 9.791389e-03 7.716245e-03 6 8
6.922717e+14 2.980509e+00 4.727610e+00 4.607737e-02 4.664809e+00 1.346262e-02 9.877654e-03 6 8
9.375242e+14 3.229580e+00 5.281468e+00 7.053789e-02 5.269816e+00 2.211132e-03 1.338527e-02 6 8
1.300338e+15 3.530805e+00 6.003250e+00 1.270664e-01 6.014350e+00 -1.845657e-03 2.112720e-02 6 8
1.957614e+15 3.962845e+00 7.079452e+00 2.539951e-01 7.124594e+00 -6.336075e-03 3.565046e-02 6 8
5.676000e+13 1.578051e+00 1.744160e+00 1.220497e-02 1.703869e+00 2.364622e-02 7.163087e-03 6 9
6.122781e+13 1.603102e+00 1.780933e+00 6.468131e-03 1.769695e+00 6.350460e-03 3.654942e-03 6 9
6.970722e+13 1.647325e+00 1.843866e+00 6.493934e-03 1.844476e+00 -3.307953e-04 3.520747e-03 6 9
8.015609e+13 1.696921e+00 1.924445e+00 7.229425e-03 1.929691e+00 -2.718421e-03 3.746417e-03 6 9
9.283545e+13 1.751393e+00 2.011589e+00 7.767067e-03 2.027110e+00 -7.656748e-03 3.831597e-03 6 9
1.086389e+14 1.812498e+00 2.124743e+00 7.992445e-03 2.138870e+00 -6.605124e-03 3.736760e-03 6 9
1.287709e+14 1.882033e+00 2.248933e+00 8.750816e-03 2.267572e+00 -8.219787e-03 3.859112e-03 6 9
1.543622e+14 1.960393e+00 2.398868e+00 9.936110e-03 2.416389e+00 -7.251018e-03 4.111966e-03 6 9
1.873745e+14 2.049343e+00 2.574212e+00 1.073000e-02 2.589224e+00 -5.797841e-03 4.144097e-03 6 9
2.304325e+14 2.150635e+00 2.778871e+00 1.228749e-02 2.790929e+00 -4.320735e-03 4.402652e-03 6 9
2.874791e+14 2.266838e+00 3.012339e+00 1.458211e-02 3.027567e+00 -5.029652e-03 4.816447e-03 6 9
3.643206e+14 2.401166e+00 3.323890e+00 1.861133e-02 3.306775e+00 5.175758e-03 5.628241e-03 6 9
4.690741e+14 2.556886e+00 3.649507e+00 2.328083e-02 3.638256e+00 3.092236e-03 6.398898e-03 6 9
6.142886e+14 2.738756e+00 4.082585e+00 3.133883e-02 4.034428e+00 1.193629e-02 7.767850e-03 6 9
8.178219e+14 2.951570e+00 4.570898e+00 4.542255e-02 4.511281e+00 1.321499e-02 1.006866e-02 6 9
1.110999e+15 3.204982e+00 5.146311e+00 7.195148e-02 5.089497e+00 1.116298e-02 1.413725e-02 6 9
1.544480e+15 3.511193e+00 5.791403e+00 1.247063e-01 5.795911e+00 -7.777802e-04 2.151625e-02 6 9
2.315649e+15 3.943510e+00 7.192935e+00 2.631234e-01 6.834683e+00 5.241679e-02 3.849826e-02 6 9
